&SYSTEM
    1
    1    2    2
    1
    2
  10.00000  10.00000  10.00000   90.0000   90.0000   90.0000
&END
&COORDINATES
     -0.714656160668     -0.000000007163     -0.009999996299
      0.714656695611     -0.000000007741      0.000000004146
&END
&VELOCITIES 
      0.000000000000      0.000000000000      0.000000000000
      0.000000000000      0.000000000000      0.000000000000
&END
&FORCES     
      0.000494916442      0.000000007092     -0.000005177296
     -0.000494846491     -0.000000013583      0.000003734643
&END
