#
# Benzene molecule in a box
#
WF_OPT DAV
GEO_OPT QMD
RESTART WF
NTYP   2
NATM   12
TYPE   0
GMAX    5.00
GMAXP  15.00
MIX_ALPHA 0.8
WIDTH   0.0010
EDELTA  0.1000D-08
NEG     24
FMAX    0.5000D-03
CELL   15.00  15.00  15.00  90.00  90.00  90.00
&ATOMIC_SPECIES
 C  12.0107  pot.C_pbe3
 H   1.0079  pot.H_lda3
&END
&ATOMIC_COORDINATES CARTESIAN
     -0.000000013099      2.638974290162     -0.000000189491    1    1    1
     -0.000000075007      4.701652073222     -0.000000144891    1    1    2
     -2.282812834538      1.320819480984     -0.000000165620    1    1    1
     -4.066086849222      2.346543976353     -0.000000144908    1    1    2
     -2.282814613467     -1.320819963544     -0.000000032077    1    1    1
     -4.066082907126     -2.346541638988      0.000000123842    1    1    2
      0.000000062247     -2.638972955846      0.000000067192    1    1    1
      0.000000082768     -4.701657145917      0.000000027325    1    1    2
      2.282814782882     -1.320820089928      0.000000105236    1    1    1
      4.066083160333     -2.346541733082      0.000000201789    1    1    2
      2.282812902021      1.320819428043     -0.000000107300    1    1    1
      4.066086998990      2.346543982553     -0.000000147046    1    1    2
&END

