&SYSTEM
    1
    2   12   12
    6    1
    6    6
  15.00000  15.00000  15.00000   90.0000   90.0000   90.0000
&END
&COORDINATES
      0.000000075324      2.639838402644     -0.000000118267
      0.000000148326      4.702708848932     -0.000000093102
     -2.283204531423      1.320599256579     -0.000000213201
     -4.066928437603      2.346354100832     -0.000000158544
     -2.283202905181     -1.320598271827     -0.000000069609
     -4.066927127410     -2.346353444696      0.000000036266
      0.000000108347     -2.639841325575      0.000000021641
      0.000000124111     -4.702713932957     -0.000000021722
      2.283203181142     -1.320598320785      0.000000061600
      4.066927414536     -2.346353459778      0.000000161498
      2.283204770141      1.320599246535     -0.000000013660
      4.066928733267      2.346354107632     -0.000000034672
&END
&VELOCITIES 
      0.000000000053      0.000000532030      0.000000000046
      0.000000000086     -0.000002093188      0.000000000184
     -0.000000902618      0.000001166369      0.000000000000
      0.000003585402     -0.000005038431     -0.000000000353
     -0.000000903603     -0.000001167218      0.000000000127
      0.000003540492      0.000005014751     -0.000000000168
     -0.000000000267     -0.000000532039     -0.000000000046
     -0.000000000407      0.000002132190     -0.000000000166
      0.000000903964     -0.000001167755      0.000000000054
     -0.000003542087      0.000005015281      0.000000000190
      0.000000902360      0.000001166836     -0.000000000151
     -0.000003585312     -0.000005038461      0.000000000139
&END
&FORCES     
      0.000000027671      0.000108980225     -0.000000010554
      0.000000003159     -0.000076915903      0.000000006751
     -0.000058828021      0.000101010222      0.000000000064
      0.000029526361     -0.000068953257     -0.000000010811
     -0.000059046034     -0.000101241624      0.000000017064
      0.000028912041      0.000068626236     -0.000000000791
     -0.000000061477     -0.000109192147      0.000000005157
     -0.000000014957      0.000078349048     -0.000000006113
      0.000059116755     -0.000101345878      0.000000007475
     -0.000028944652      0.000068638797      0.000000011298
      0.000058767223      0.000101029459     -0.000000022534
     -0.000029527846     -0.000068961604     -0.000000001720
&END
