&SYSTEM
    1
    2    7    7
   13   17
    6    1
   7.65340   7.65300  30.61360    0.0000    0.0000    0.0000
&END
&COORDINATES
      0.000001120311     -0.000161885904      3.643073372360
      0.000002420706      3.826398566107     -0.071034768903
      3.826697542407      0.000370205430     -0.071136922555
      0.000000000000      0.000000000000     -3.826700000000
      3.826700000000      3.826700000000     -3.826700000000
      0.000000000000      3.826700000000     -7.653400000000
      3.826700000000      0.000000000000     -7.653400000000
&END
&VELOCITIES 
      0.000000000000      0.000000000000      0.000000000000
      0.000000000000      0.000000000000      0.000000000000
      0.000000000000      0.000000000000      0.000000000000
      0.000000000000      0.000000000000      0.000000000000
      0.000000000000      0.000000000000      0.000000000000
      0.000000000000      0.000000000000      0.000000000000
      0.000000000000      0.000000000000      0.000000000000
&END
&FORCES     
      0.000000031204     -0.000003699232     -0.001597925706
      0.000000075911     -0.000004817960     -0.000775084551
     -0.000000072003      0.000006137265     -0.000776663752
      0.000000006534      0.000010015625     -0.002375223257
     -0.000000014604     -0.000008251566      0.005238854623
     -0.000000079001     -0.000000456144      0.000493952732
      0.000000091181      0.000001199766      0.000477677811
&END
