# k-points (distance from the origin) Eigenvalues (eV)
    0.00000000  -19.40351333
    0.04495278  -19.38358591
    0.08990557  -19.32057715
    0.13485835  -19.22675843
    0.17981113  -19.08554290
    0.22476392  -18.91021565
    0.26971670  -18.69118298
    0.31466948  -18.43976247
    0.35962226  -18.14114906
    0.40457505  -17.80987962
    0.44952783  -17.45154912
    0.49448061  -17.04909913
    0.53943340  -16.61887967
    0.58438618  -16.14903211
    0.62933896  -15.64772096
    0.67429174  -15.11737243
    0.71924453  -14.56728009
    0.76419731  -14.00245834
    0.80915009  -13.43849817
    0.85410288  -12.90677847
    0.89905566  -12.48172799
    0.92153205  -12.64466893
    0.94400844  -12.80276107
    0.96648483  -12.94629214
    0.98896122  -13.08280731
    1.01143762  -13.20888942
    1.03391401  -13.33003123
    1.05639040  -13.44033267
    1.07886679  -13.54423746
    1.10134318  -13.64020845
    1.12381957  -13.72831803
    1.14629596  -13.81024627
    1.16877235  -13.87855849
    1.19124875  -13.94141705
    1.21372514  -13.99580290
    1.23620153  -14.04089589
    1.25867792  -14.07855367
    1.28115431  -14.10821802
    1.30363070  -14.12936592
    1.32610709  -14.14097976
    1.34858348  -14.14524187
    1.38751374  -14.38175359
    1.42644399  -14.81610272
    1.46537424  -15.26798496
    1.50430449  -15.71672167
    1.54323474  -16.14959970
    1.58216499  -16.55676248
    1.62109525  -16.93529106
    1.66002550  -17.29106342
    1.69895575  -17.61968980
    1.73788600  -17.92727335
    1.77681625  -18.20766560
    1.81574651  -18.45870702
    1.85467676  -18.68369690
    1.89360701  -18.87311161
    1.93253726  -19.03275157
    1.97146751  -19.16177454
    2.01039776  -19.26678285
    2.04932802  -19.34212084
    2.08825827  -19.38856736
    2.12718852  -19.40351333

    0.00000000   -7.60672312
    0.04495278   -7.58319963
    0.08990557   -7.51266563
    0.13485835   -7.39546624
    0.17981113   -7.23178943
    0.22476392   -7.02243800
    0.26971670   -6.76779544
    0.31466948   -6.46876289
    0.35962226   -6.50471578
    0.40457505   -7.11751998
    0.44952783   -7.72143074
    0.49448061   -8.30960574
    0.53943340   -8.88168348
    0.58438618   -9.43123465
    0.62933896   -9.95290181
    0.67429174  -10.45042456
    0.71924453  -10.91559326
    0.76419731  -11.35795003
    0.80915009  -11.76476213
    0.85410288  -12.13916083
    0.89905566  -12.48172781
    0.92153205  -12.34973044
    0.94400844  -12.28466420
    0.96648483  -12.27789152
    0.98896122  -12.31471066
    1.01143762  -12.37473252
    1.03391401  -12.44992973
    1.05639040  -12.53274763
    1.07886679  -12.61635974
    1.10134318  -12.69877929
    1.12381957  -12.77684484
    1.14629596  -12.84996447
    1.16877235  -12.91745542
    1.19124875  -12.97570391
    1.21372514  -13.02977676
    1.23620153  -13.07672845
    1.25867792  -13.11411673
    1.28115431  -13.14335974
    1.30363070  -13.16431944
    1.32610709  -13.17504298
    1.34858348  -13.17926963
    1.38751374  -12.92138422
    1.42644399  -12.42422066
    1.46537424  -11.85677060
    1.50430449  -11.25830438
    1.54323474  -10.64213440
    1.58216499  -10.00593738
    1.62109525   -9.35835479
    1.66002550   -8.70668675
    1.69895575   -8.04996517
    1.73788600   -7.39633501
    1.77681625   -6.74899610
    1.81574651   -6.49243532
    1.85467676   -6.75079027
    1.89360701   -6.97624406
    1.93253726   -7.16768725
    1.97146751   -7.32518725
    2.01039776   -7.44815166
    2.04932802   -7.53617093
    2.08825827   -7.58907942
    2.12718852   -7.60672312

    0.00000000   -3.06092691
    0.04495278   -3.14126095
    0.08990557   -3.37318290
    0.13485835   -3.73317062
    0.17981113   -4.19150914
    0.22476392   -4.72133497
    0.26971670   -5.29658818
    0.31466948   -5.89499773
    0.35962226   -6.12618991
    0.40457505   -5.90495422
    0.44952783   -6.42279470
    0.49448061   -6.94526483
    0.53943340   -7.46588573
    0.58438618   -7.97724685
    0.62933896   -8.47418859
    0.67429174   -8.94980929
    0.71924453   -9.39752898
    0.76419731   -9.80851809
    0.80915009  -10.16777569
    0.85410288  -10.44288046
    0.89905566  -10.56060723
    0.92153205  -10.52371887
    0.94400844  -10.41001352
    0.96648483  -10.22751943
    0.98896122   -9.99355443
    1.01143762   -9.72442406
    1.03391401   -9.43434327
    1.05639040   -9.13394601
    1.07886679   -8.82828457
    1.10134318   -8.52340356
    1.12381957   -8.22342958
    1.14629596   -7.93461429
    1.16877235   -7.65866904
    1.19124875   -7.39939828
    1.21372514   -7.16306423
    1.23620153   -6.95329449
    1.25867792   -6.77407259
    1.28115431   -6.62941858
    1.30363070   -6.52321861
    1.32610709   -6.45792148
    1.34858348   -6.43605350
    1.38751374   -6.42152441
    1.42644399   -6.37759641
    1.46537424   -6.30449347
    1.50430449   -6.20319387
    1.54323474   -6.07450606
    1.58216499   -5.91898793
    1.62109525   -5.73801501
    1.66002550   -5.53453346
    1.69895575   -5.53026343
    1.73788600   -5.88022562
    1.77681625   -6.20214458
    1.81574651   -6.11916825
    1.85467676   -5.51422519
    1.89360701   -4.94446218
    1.93253726   -4.42260133
    1.97146751   -3.96394603
    2.01039776   -3.58567003
    2.04932802   -3.29952196
    2.08825827   -3.12146998
    2.12718852   -3.06092691

    0.00000000   -3.06092686
    0.04495278   -3.10430779
    0.08990557   -3.23289286
    0.13485835   -3.44255062
    0.17981113   -3.72596722
    0.22476392   -4.07406531
    0.26971670   -4.47669706
    0.31466948   -4.92323022
    0.35962226   -5.40209471
    0.40457505   -5.74311515
    0.44952783   -5.32085449
    0.49448061   -4.86141036
    0.53943340   -4.36833624
    0.58438618   -3.84506406
    0.62933896   -3.29781086
    0.67429174   -2.73267915
    0.71924453   -2.15733203
    0.76419731   -1.58337490
    0.80915009   -1.02263890
    0.85410288   -0.48958760
    0.89905566   -0.00000022
    0.92153205   -0.22613154
    0.94400844   -0.44153232
    0.96648483   -0.64574993
    0.98896122   -0.83906950
    1.01143762   -1.02118818
    1.03391401   -1.19201031
    1.05639040   -1.35132904
    1.07886679   -1.49925831
    1.10134318   -1.63568306
    1.12381957   -1.76041418
    1.14629596   -1.87381962
    1.16877235   -1.97509687
    1.19124875   -2.06454491
    1.21372514   -2.14218948
    1.23620153   -2.20794830
    1.25867792   -2.26179715
    1.28115431   -2.30368896
    1.30363070   -2.33362233
    1.32610709   -2.35206835
    1.34858348   -2.35805950
    1.38751374   -2.45244986
    1.42644399   -2.70783624
    1.46537424   -3.06529701
    1.50430449   -3.47502300
    1.54323474   -3.90463995
    1.58216499   -4.33458613
    1.62109525   -4.75332058
    1.66002550   -5.15345025
    1.69895575   -5.31029580
    1.73788600   -5.06854503
    1.77681625   -4.81268530
    1.81574651   -4.54758575
    1.85467676   -4.27920155
    1.89360701   -4.01469344
    1.93253726   -3.76262630
    1.97146751   -3.53319514
    2.01039776   -3.33782377
    2.04932802   -3.18802842
    2.08825827   -3.09333964
    2.12718852   -3.06092686

    0.00000000    3.16103426
    0.04495278    3.18785090
    0.08990557    3.26849630
    0.13485835    3.40235066
    0.17981113    3.59030477
    0.22476392    3.83171050
    0.26971670    4.12697986
    0.31466948    4.47543997
    0.35962226    4.87771888
    0.40457505    5.33313094
    0.44952783    5.84100219
    0.49448061    5.62042098
    0.53943340    4.88842419
    0.58438618    4.17260517
    0.62933896    3.47893791
    0.67429174    2.81152195
    0.71924453    2.17593481
    0.76419731    1.57342870
    0.80915009    1.00909434
    0.85410288    0.48400138
    0.89905566   -0.00000002
    0.92153205    0.22392610
    0.94400844    0.43174603
    0.96648483    0.62225044
    0.98896122    0.79452369
    1.01143762    0.94822850
    1.03391401    1.08334585
    1.05639040    1.20108229
    1.07886679    1.30107895
    1.10134318    1.38531622
    1.12381957    1.45519892
    1.14629596    1.51238456
    1.16877235    1.55829109
    1.19124875    1.59476326
    1.21372514    1.62316073
    1.23620153    1.64485861
    1.25867792    1.66103119
    1.28115431    1.67260780
    1.30363070    1.68034713
    1.32610709    1.68442851
    1.34858348    1.68586096
    1.38751374    1.80415129
    1.42644399    2.12788230
    1.46537424    2.59832396
    1.50430449    3.16346547
    1.54323474    3.78869539
    1.58216499    4.45047112
    1.62109525    5.13263411
    1.66002550    5.81891300
    1.69895575    5.59115421
    1.73788600    5.17051611
    1.77681625    4.78947157
    1.81574651    4.44805343
    1.85467676    4.14638297
    1.89360701    3.88514224
    1.93253726    3.66390946
    1.97146751    3.48310658
    2.01039776    3.34222768
    2.04932802    3.24158138
    2.08825827    3.18114656
    2.12718852    3.16103426

    0.00000000    4.74434786
    0.04495278    4.77093916
    0.08990557    4.85068423
    0.13485835    4.98347902
    0.17981113    5.16916755
    0.22476392    5.40746857
    0.26971670    5.69803856
    0.31466948    6.04032806
    0.35962226    6.43356465
    0.40457505    6.87636085
    0.44952783    6.36108486
    0.49448061    6.40169143
    0.53943340    7.01397047
    0.58438618    7.67739371
    0.62933896    8.39044820
    0.67429174    9.15050773
    0.71924453    9.95268410
    0.76419731   10.78768033
    0.80915009   10.79752144
    0.85410288   10.71482221
    0.89905566   10.67597879
    0.92153205   10.68744475
    0.94400844   10.72316052
    0.96648483   10.78427927
    0.98896122   10.86988282
    1.01143762   10.97880481
    1.03391401   11.10727306
    1.05639040   11.25143910
    1.07886679   10.87477113
    1.10134318   10.43135060
    1.12381957    9.99668255
    1.14629596    9.57991134
    1.16877235    9.18552841
    1.19124875    8.82462902
    1.21372514    8.49370367
    1.23620153    8.19719977
    1.25867792    7.95037222
    1.28115431    7.75268019
    1.30363070    7.60836093
    1.32610709    7.51997713
    1.34858348    7.49041600
    1.38751374    7.50429749
    1.42644399    7.51858995
    1.46537424    7.55718089
    1.50430449    7.59696502
    1.54323474    7.55669738
    1.58216499    7.07628221
    1.62109525    6.54715964
    1.66002550    6.05035032
    1.69895575    6.47489189
    1.73788600    6.66571736
    1.77681625    6.33842531
    1.81574651    6.01113316
    1.85467676    5.71690020
    1.89360701    5.46006339
    1.93253726    5.24196362
    1.97146751    5.06308003
    2.01039776    4.92373696
    2.04932802    4.82410716
    2.08825827    4.76429180
    2.12718852    4.74434786

    0.00000000    5.96552291
    0.04495278    5.99187910
    0.08990557    6.07120475
    0.13485835    6.20281193
    0.17981113    6.38784873
    0.22476392    6.62573907
    0.26971670    6.91697135
    0.31466948    7.26091936
    0.35962226    7.65822591
    0.40457505    7.10169313
    0.44952783    7.36687962
    0.49448061    7.90205161
    0.53943340    8.47631982
    0.58438618    9.07923262
    0.62933896    9.68861111
    0.67429174   10.25403901
    0.71924453   10.67099890
    0.76419731   10.83214268
    0.80915009   11.63184469
    0.85410288   12.41317577
    0.89905566   12.88466109
    0.92153205   12.78620111
    0.94400844   12.67006008
    0.96648483   12.54190716
    0.98896122   12.40627805
    1.01143762   12.13332465
    1.03391401   11.74697784
    1.05639040   11.31793206
    1.07886679   11.40451279
    1.10134318   11.55974802
    1.12381957   11.62783352
    1.14629596   11.52223923
    1.16877235   11.42656771
    1.19124875   11.34105889
    1.21372514   11.26629809
    1.23620153   11.20257198
    1.25867792   11.15010017
    1.28115431   11.10908717
    1.30363070   11.07970345
    1.32610709   11.06220426
    1.34858348   11.05630684
    1.38751374   10.36585108
    1.42644399    9.64353063
    1.46537424    8.95744134
    1.50430449    8.31417311
    1.54323474    7.79915948
    1.58216499    7.77149117
    1.62109525    7.83831038
    1.66002550    7.63788102
    1.69895575    7.22325221
    1.73788600    7.30299333
    1.77681625    7.54822984
    1.81574651    7.22523247
    1.85467676    6.93256909
    1.89360701    6.67700908
    1.93253726    6.45985753
    1.97146751    6.28219789
    2.01039776    6.14369087
    2.04932802    6.04471737
    2.08825827    5.98528941
    2.12718852    5.96552291

    0.00000000    8.31993684
    0.04495278    8.33366488
    0.08990557    8.37643851
    0.13485835    8.45017467
    0.17981113    8.56057409
    0.22476392    8.70649291
    0.26971670    8.89497527
    0.31466948    8.53618056
    0.35962226    7.83163055
    0.40457505    8.10806768
    0.44952783    8.60966715
    0.49448061    9.16286834
    0.53943340    9.76573634
    0.58438618   10.41595686
    0.62933896   11.10755288
    0.67429174   11.82358943
    0.71924453   12.50166032
    0.76419731   12.96056216
    0.80915009   13.03153629
    0.85410288   13.01056544
    0.89905566   12.88466116
    0.92153205   12.89860089
    0.94400844   12.80736894
    0.96648483   12.65383140
    0.98896122   12.43855736
    1.01143762   12.26764974
    1.03391401   12.12951165
    1.05639040   11.99457917
    1.07886679   11.86509639
    1.10134318   11.74246941
    1.12381957   11.70987423
    1.14629596   11.69554136
    1.16877235   11.59155944
    1.19124875   11.49949552
    1.21372514   11.41917780
    1.23620153   11.35087189
    1.25867792   11.29493658
    1.28115431   11.25132311
    1.30363070   11.22011976
    1.32610709   11.20144448
    1.34858348   11.19519130
    1.38751374   11.77264005
    1.42644399   11.09495999
    1.46537424   10.43543612
    1.50430449    9.80473458
    1.54323474    9.20691638
    1.58216499    8.64453680
    1.62109525    8.12002492
    1.66002550    7.90798673
    1.69895575    7.96379773
    1.73788600    7.86216053
    1.77681625    7.91860192
    1.81574651    8.30955430
    1.85467676    8.36480407
    1.89360701    8.40337575
    1.93253726    8.41954414
    1.97146751    8.41322879
    2.01039776    8.38704336
    2.04932802    8.35584355
    2.08825827    8.32981688
    2.12718852    8.31993684

    0.00000000    8.31993687
    0.04495278    8.40526355
    0.08990557    8.64839654
    0.13485835    9.01394411
    0.17981113    9.45169977
    0.22476392    9.80967535
    0.26971670    9.20122858
    0.31466948    9.12604059
    0.35962226    9.40210515
    0.40457505    9.71993449
    0.44952783   10.07748857
    0.49448061   10.47398015
    0.53943340   10.90328478
    0.58438618   11.36455412
    0.62933896   11.85099096
    0.67429174   12.36104644
    0.71924453   12.83544212
    0.76419731   13.01178591
    0.80915009   13.32812934
    0.85410288   13.45797883
    0.89905566   13.47419282
    0.92153205   13.44854794
    0.94400844   13.32796749
    0.96648483   13.10579696
    0.98896122   12.83721768
    1.01143762   12.59376066
    1.03391401   12.39710152
    1.05639040   12.22847464
    1.07886679   12.07705257
    1.10134318   11.93822407
    1.12381957   11.81112015
    1.14629596   11.84824729
    1.16877235   11.96867767
    1.19124875   12.06841446
    1.21372514   12.14693718
    1.23620153   12.20590713
    1.25867792   12.24827174
    1.28115431   12.27714124
    1.30363070   12.29551718
    1.32610709   12.30571789
    1.34858348   12.30892359
    1.38751374   11.91367152
    1.42644399   12.38727049
    1.46537424   11.71215881
    1.50430449   11.06671143
    1.54323474   10.45789784
    1.58216499    9.88781987
    1.62109525    9.35848425
    1.66002550    8.87358845
    1.69895575    8.45283319
    1.73788600    8.22951148
    1.77681625    8.25218685
    1.81574651    8.54419202
    1.85467676    9.13706836
    1.89360701    9.68297946
    1.93253726    9.81908743
    1.97146751    9.30533367
    2.01039776    8.88620594
    2.04932802    8.57566043
    2.08825827    8.38454372
    2.12718852    8.31993687

    0.00000000   10.68086512
    0.04495278   10.70593375
    0.08990557   10.78101176
    0.13485835   10.78297529
    0.17981113   10.34301779
    0.22476392    9.90707017
    0.26971670   10.33610664
    0.31466948   10.72035642
    0.35962226   11.04927903
    0.40457505   11.33054670
    0.44952783   11.58699765
    0.49448061   11.82656417
    0.53943340   12.05107952
    0.58438618   12.26717151
    0.62933896   12.47607727
    0.67429174   12.66456795
    0.71924453   12.92623522
    0.76419731   13.39990542
    0.80915009   13.99020521
    0.85410288   14.71947907
    0.89905566   15.27192109
    0.92153205   15.13156278
    0.94400844   14.88561597
    0.96648483   14.65272122
    0.98896122   14.43287470
    1.01143762   14.22615996
    1.03391401   14.03261516
    1.05639040   13.85229712
    1.07886679   13.68521147
    1.10134318   13.53139477
    1.12381957   13.39088112
    1.14629596   13.26365793
    1.16877235   13.14980731
    1.19124875   13.04931571
    1.21372514   12.96219450
    1.23620153   12.88845837
    1.25867792   12.82811584
    1.28115431   12.78117511
    1.30363070   12.74764225
    1.32610709   12.72747890
    1.34858348   12.72077120
    1.38751374   13.11266298
    1.42644399   12.73007406
    1.46537424   13.53992878
    1.50430449   14.33766674
    1.54323474   14.50103336
    1.58216499   14.10879440
    1.62109525   13.69141055
    1.66002550   13.27953617
    1.69895575   12.88586540
    1.73788600   12.51709083
    1.77681625   12.17705934
    1.81574651   11.81000792
    1.85467676   11.08303750
    1.89360701   10.41577425
    1.93253726   10.17103042
    1.97146751   10.58911604
    2.01039776   10.84828537
    2.04932802   10.75598478
    2.08825827   10.69966835
    2.12718852   10.68086512

    0.00000000   11.38375255
    0.04495278   11.31505902
    0.08990557   11.11217342
    0.13485835   10.90566753
    0.17981113   11.07915753
    0.22476392   11.30018439
    0.26971670   11.56680536
    0.31466948   11.87571101
    0.35962226   12.22132910
    0.40457505   12.59313699
    0.44952783   12.97127928
    0.49448061   13.31459276
    0.53943340   13.54196434
    0.58438618   13.55469291
    0.62933896   13.36880884
    0.67429174   13.14993647
    0.71924453   13.10703415
    0.76419731   13.62249720
    0.80915009   14.38071617
    0.85410288   14.99806646
    0.89905566   15.27192118
    0.92153205   15.16965202
    0.94400844   15.07668361
    0.96648483   14.98893096
    0.98896122   14.89902472
    1.01143762   14.80579302
    1.03391401   14.70883202
    1.05639040   14.60962827
    1.07886679   14.50999472
    1.10134318   14.41203321
    1.12381957   14.31772980
    1.14629596   14.22869212
    1.16877235   14.14646096
    1.19124875   14.07194176
    1.21372514   14.00599432
    1.23620153   13.94923271
    1.25867792   13.90220383
    1.28115431   13.86524744
    1.30363070   13.83867211
    1.32610709   13.82278118
    1.34858348   13.81742822
    1.38751374   13.26759481
    1.42644399   13.96211978
    1.46537424   14.56195979
    1.50430449   14.75843908
    1.54323474   15.06101159
    1.58216499   15.59540556
    1.62109525   15.68148388
    1.66002550   15.08864896
    1.69895575   14.23678668
    1.73788600   13.39601192
    1.77681625   12.58438049
    1.81574651   11.86879600
    1.85467676   11.59397873
    1.89360701   11.35389472
    1.93253726   11.14962430
    1.97146751   10.98184383
    2.01039776   10.93110964
    2.04932802   11.17928039
    2.08825827   11.33218173
    2.12718852   11.38375255

    0.00000000   12.52218103
    0.04495278   12.54889390
    0.08990557   12.62929439
    0.13485835   12.76138960
    0.17981113   12.94646610
    0.22476392   13.18201345
    0.26971670   13.46853590
    0.31466948   13.80366142
    0.35962226   14.18856741
    0.40457505   14.62111830
    0.44952783   15.09853315
    0.49448061   15.62051370
    0.53943340   16.18108998
    0.58438618   16.46834123
    0.62933896   16.69388709
    0.67429174   17.12055671
    0.71924453   16.96514639
    0.76419731   16.38789864
    0.80915009   15.90519319
    0.85410288   15.53386404
    0.89905566   15.39046145
    0.92153205   15.39710840
    0.94400844   15.48318342
    0.96648483   15.41961195
    0.98896122   15.28988172
    1.01143762   15.14573593
    1.03391401   15.00107253
    1.05639040   14.86052704
    1.07886679   14.72664463
    1.10134318   14.60037618
    1.12381957   14.48287775
    1.14629596   14.37492735
    1.16877235   14.27714633
    1.19124875   14.19010425
    1.21372514   14.11390100
    1.23620153   14.04890434
    1.25867792   13.99555252
    1.28115431   13.95388321
    1.30363070   13.92403637
    1.32610709   13.90615779
    1.34858348   13.90016910
    1.38751374   14.63102798
    1.42644399   15.41754711
    1.46537424   15.91239281
    1.50430449   16.04769989
    1.54323474   16.59416735
    1.58216499   16.26194545
    1.62109525   15.92800799
    1.66002550   15.26498843
    1.69895575   14.84108711
    1.73788600   14.44684756
    1.77681625   14.08747735
    1.81574651   13.76354085
    1.85467676   13.47592653
    1.89360701   13.22633343
    1.93253726   13.01372355
    1.97146751   12.83919409
    2.01039776   12.70165407
    2.04932802   12.60236465
    2.08825827   12.54221734
    2.12718852   12.52218103

    0.00000000   12.60863887
    0.04495278   12.64232198
    0.08990557   12.74702108
    0.13485835   12.92424562
    0.17981113   13.20711685
    0.22476392   13.61191617
    0.26971670   14.15230700
    0.31466948   14.82793331
    0.35962226   15.61105958
    0.40457505   16.45761349
    0.44952783   17.32445812
    0.49448061   17.01375158
    0.53943340   16.57686605
    0.58438618   16.77313000
    0.62933896   17.37496401
    0.67429174   17.60212864
    0.71924453   17.09843104
    0.76419731   16.51938670
    0.80915009   16.08237405
    0.85410288   15.89632450
    0.89905566   15.39046166
    0.92153205   15.59174981
    0.94400844   15.65574869
    0.96648483   15.62158454
    0.98896122   15.54315699
    1.01143762   15.45388363
    1.03391401   15.37138906
    1.05639040   15.30637906
    1.07886679   15.26615012
    1.10134318   15.25638497
    1.12381957   15.28152149
    1.14629596   15.34399548
    1.16877235   15.44317807
    1.19124875   15.57477559
    1.21372514   15.73021588
    1.23620153   15.89747343
    1.25867792   16.06239098
    1.28115431   16.20964112
    1.30363070   16.32578466
    1.32610709   16.40022248
    1.34858348   16.42571592
    1.38751374   16.33893295
    1.42644399   16.12212082
    1.46537424   16.20282438
    1.50430449   16.94513747
    1.54323474   16.76881529
    1.58216499   16.77745924
    1.62109525   15.94163062
    1.66002550   15.82101227
    1.69895575   15.55211402
    1.73788600   15.19048167
    1.77681625   14.78309824
    1.81574651   14.36755613
    1.85467676   13.96713316
    1.89360701   13.60062542
    1.93253726   13.29142864
    1.97146751   13.03433671
    2.01039776   12.84239521
    2.04932802   12.71137157
    2.08825827   12.63384386
    2.12718852   12.60863887

    0.00000000   19.65300779
    0.04495278   19.67018820
    0.08990557   19.71986142
    0.13485835   19.79535623
    0.17981113   19.88158767
    0.22476392   19.94467371
    0.26971670   19.91002535
    0.31466948   19.65044684
    0.35962226   19.10565533
    0.40457505   18.39149488
    0.44952783   17.65699511
    0.49448061   18.14185500
    0.53943340   18.73791431
    0.58438618   18.75997473
    0.62933896   18.25193717
    0.67429174   17.70561514
    0.71924453   17.57699153
    0.76419731   17.21056277
    0.80915009   16.55385546
    0.85410288   15.94680059
    0.89905566   15.95029480
    0.92153205   15.93463682
    0.94400844   16.00989376
    0.96648483   16.31460535
    0.98896122   16.75580592
    1.01143762   17.26313738
    1.03391401   17.37638127
    1.05639040   17.45410852
    1.07886679   17.55225655
    1.10134318   17.66951990
    1.12381957   17.80410953
    1.14629596   17.95009026
    1.16877235   18.10737317
    1.19124875   18.27279490
    1.21372514   18.44210163
    1.23620153   18.61525282
    1.25867792   18.66166452
    1.28115431   18.61625545
    1.30363070   18.58380938
    1.32610709   18.56427342
    1.34858348   18.55778116
    1.38751374   18.61804083
    1.42644399   18.44080638
    1.46537424   17.88287999
    1.50430449   17.33701981
    1.54323474   17.57517153
    1.58216499   17.23714020
    1.62109525   17.86798075
    1.66002550   18.45756337
    1.69895575   18.99121703
    1.73788600   19.44483367
    1.77681625   19.77861825
    1.81574651   19.96396679
    1.85467676   20.01785997
    1.89360701   19.98826564
    1.93253726   19.91899751
    1.97146751   19.83817360
    2.01039776   19.76307583
    2.04932802   19.70366711
    2.08825827   19.66592143
    2.12718852   19.65300779

    0.00000000   22.51983324
    0.04495278   22.56477874
    0.08990557   22.64167343
    0.13485835   22.75362187
    0.17981113   22.90839434
    0.22476392   23.10029979
    0.26971670   23.09626530
    0.31466948   22.53467200
    0.35962226   22.35925272
    0.40457505   22.45240428
    0.44952783   22.16312156
    0.49448061   21.22070387
    0.53943340   20.29665893
    0.58438618   19.41623528
    0.62933896   18.59919105
    0.67429174   18.10317655
    0.71924453   17.91550626
    0.76419731   17.79394100
    0.80915009   17.59800015
    0.85410288   17.25977434
    0.89905566   17.06825920
    0.92153205   17.14507883
    0.94400844   17.38361918
    0.96648483   17.32903089
    0.98896122   17.30987636
    1.01143762   17.32753154
    1.03391401   17.81034526
    1.05639040   18.38301598
    1.07886679   18.96644350
    1.10134318   19.34035098
    1.12381957   19.20501854
    1.14629596   19.08234640
    1.16877235   18.97249560
    1.19124875   18.87546435
    1.21372514   18.79129146
    1.23620153   18.72001583
    1.25867792   18.78811702
    1.28115431   18.95821234
    1.30363070   19.11725005
    1.32610709   19.24668317
    1.34858348   19.30252015
    1.38751374   18.96926145
    1.42644399   18.78457947
    1.46537424   18.94338375
    1.50430449   18.30980800
    1.54323474   17.65363798
    1.58216499   18.26526408
    1.62109525   18.93462057
    1.66002550   19.75819644
    1.69895575   20.71647851
    1.73788600   21.75417332
    1.77681625   22.50980621
    1.81574651   22.93157395
    1.85467676   23.32958355
    1.89360701   23.14103592
    1.93253726   22.96745465
    1.97146751   22.82138901
    2.01039776   22.70419369
    2.04932802   22.61792220
    2.08825827   22.55580904
    2.12718852   22.51983324

    0.00000000   22.56378235
    0.04495278   22.60877135
    0.08990557   22.79709634
    0.13485835   23.10378422
    0.17981113   23.49700527
    0.22476392   23.92626225
    0.26971670   23.32237194
    0.31466948   23.54514105
    0.35962226   23.61300709
    0.40457505   23.05561386
    0.44952783   22.53837452
    0.49448061   21.62442476
    0.53943340   20.93374688
    0.58438618   20.29223286
    0.62933896   19.46021381
    0.67429174   18.66637853
    0.71924453   18.50959186
    0.76419731   18.55711086
    0.80915009   18.12189834
    0.85410288   17.66863919
    0.89905566   17.61011637
    0.92153205   17.48019972
    0.94400844   17.38387728
    0.96648483   17.74341976
    0.98896122   18.16548816
    1.01143762   18.60963383
    1.03391401   19.04519728
    1.05639040   19.44134117
    1.07886679   19.48833417
    1.10134318   19.48429513
    1.12381957   19.68282029
    1.14629596   19.73543223
    1.16877235   19.75609110
    1.19124875   19.76141121
    1.21372514   19.75815659
    1.23620153   19.74999075
    1.25867792   19.74015723
    1.28115431   19.73060415
    1.30363070   19.72282610
    1.32610709   19.71794972
    1.34858348   19.71619481
    1.38751374   19.75903963
    1.42644399   19.43917366
    1.46537424   19.03749186
    1.50430449   19.37150599
    1.54323474   19.79035572
    1.58216499   20.29370446
    1.62109525   20.85852665
    1.66002550   21.41980074
    1.69895575   21.87672789
    1.73788600   22.20099288
    1.77681625   22.79492981
    1.81574651   23.44607843
    1.85467676   23.50663143
    1.89360701   23.99155103
    1.93253726   23.63642648
    1.97146751   23.27858671
    2.01039776   22.96859297
    2.04932802   22.73322338
    2.08825827   22.59534343
    2.12718852   22.56378235

    0.00000000   28.27057637
    0.04495278   28.01839346
    0.08990557   27.22685898
    0.13485835   26.15001167
    0.17981113   25.02714994
    0.22476392   23.97418762
    0.26971670   24.30828833
    0.31466948   24.47611057
    0.35962226   24.31505752
    0.40457505   23.56425024
    0.44952783   22.64976193
    0.49448061   22.03736938
    0.53943340   21.15516483
    0.58438618   20.69787192
    0.62933896   20.59107576
    0.67429174   20.14694283
    0.71924453   19.55747891
    0.76419731   18.96488705
    0.80915009   18.42515280
    0.85410288   17.96415709
    0.89905566   17.61011647
    0.92153205   17.83822550
    0.94400844   18.18216926
    0.96648483   18.56891458
    0.98896122   18.93100353
    1.01143762   19.21061363
    1.03391401   19.40764149
    1.05639040   19.55299931
    1.07886679   19.67349811
    1.10134318   19.85008485
    1.12381957   20.15038473
    1.14629596   20.24752472
    1.16877235   20.32050805
    1.19124875   20.39165974
    1.21372514   20.47691302
    1.23620153   20.53543318
    1.25867792   20.36681807
    1.28115431   20.20344024
    1.30363070   20.05029943
    1.32610709   19.92555830
    1.34858348   19.87116824
    1.38751374   19.94266873
    1.42644399   20.15312408
    1.46537424   20.23571903
    1.50430449   20.27406806
    1.54323474   20.41638856
    1.58216499   20.80674146
    1.62109525   21.46977991
    1.66002550   22.31650131
    1.69895575   23.24174046
    1.73788600   23.66256228
    1.77681625   23.89798547
    1.81574651   23.96235373
    1.85467676   24.21271454
    1.89360701   24.21501777
    1.93253726   25.02164791
    1.97146751   25.89151983
    2.01039776   26.77901392
    2.04932802   27.58788422
    2.08825827   28.10670666
    2.12718852   28.27057637

    0.00000000   28.27057641
    0.04495278   28.10250085
    0.08990557   27.71100683
    0.13485835   27.24879637
    0.17981113   26.78377922
    0.22476392   26.31779874
    0.26971670   25.81977954
    0.31466948   25.24517982
    0.35962226   24.56171075
    0.40457505   23.77441522
    0.44952783   22.92005129
    0.49448061   22.74025428
    0.53943340   22.39227446
    0.58438618   21.70311646
    0.62933896   20.95599248
    0.67429174   20.26375313
    0.71924453   19.72522519
    0.76419731   19.53506991
    0.80915009   19.50251097
    0.85410288   19.37401769
    0.89905566   19.29227497
    0.92153205   19.31807603
    0.94400844   19.40031621
    0.96648483   19.55019005
    0.98896122   19.79507227
    1.01143762   20.00726113
    1.03391401   19.82186043
    1.05639040   19.64887188
    1.07886679   19.76575734
    1.10134318   19.99915377
    1.12381957   20.33869483
    1.14629596   20.96966129
    1.16877235   21.05370731
    1.19124875   20.87963410
    1.21372514   20.70578414
    1.23620153   20.58868313
    1.25867792   20.73719147
    1.28115431   20.92957927
    1.30363070   21.16964583
    1.32610709   21.45221139
    1.34858348   21.67184442
    1.38751374   21.69189198
    1.42644399   21.75203825
    1.46537424   21.85236952
    1.50430449   21.99257867
    1.54323474   22.17258828
    1.58216499   22.39247373
    1.62109525   22.65248540
    1.66002550   22.95033838
    1.69895575   23.28733027
    1.73788600   23.95160708
    1.77681625   24.07520057
    1.81574651   24.52386332
    1.85467676   25.00674659
    1.89360701   25.52085097
    1.93253726   26.06223241
    1.97146751   26.62005162
    2.01039776   27.17873003
    2.04932802   27.69933016
    2.08825827   28.11898938
    2.12718852   28.27057641

    0.00000000   29.76803537
    0.04495278   29.51937950
    0.08990557   29.33176956
    0.13485835   29.36318854
    0.17981113   29.50639156
    0.22476392   28.35494881
    0.26971670   27.06759287
    0.31466948   25.83773906
    0.35962226   24.66837006
    0.40457505   24.33109285
    0.44952783   24.30319231
    0.49448061   23.68866319
    0.53943340   22.85684863
    0.58438618   22.01416149
    0.62933896   21.20599014
    0.67429174   20.45882192
    0.71924453   19.82909612
    0.76419731   19.56451925
    0.80915009   19.92962171
    0.85410288   20.53373903
    0.89905566   21.11477427
    0.92153205   20.86976744
    0.94400844   20.63629458
    0.96648483   20.41466528
    0.98896122   20.20490082
    1.01143762   20.16316368
    1.03391401   20.63679550
    1.05639040   21.17370392
    1.07886679   21.74879577
    1.10134318   21.59762802
    1.12381957   21.41190306
    1.14629596   21.23064745
    1.16877235   21.63344080
    1.19124875   22.31582569
    1.21372514   23.01169975
    1.23620153   23.32722842
    1.25867792   23.24549936
    1.28115431   23.10098819
    1.30363070   22.66646948
    1.32610709   22.25943418
    1.34858348   21.99665021
    1.38751374   22.09570198
    1.42644399   22.37154693
    1.46537424   22.76968094
    1.50430449   23.20830159
    1.54323474   23.58039573
    1.58216499   23.79459969
    1.62109525   23.88390106
    1.66002550   24.00567686
    1.69895575   24.34295683
    1.73788600   24.53598238
    1.77681625   25.13324041
    1.81574651   25.46836399
    1.85467676   26.05524757
    1.89360701   27.15212146
    1.93253726   28.43408034
    1.97146751   29.54907979
    2.01039776   29.41676897
    2.04932802   29.37988994
    2.08825827   29.56476616
    2.12718852   29.76803537

    0.00000000   31.67528524
    0.04495278   31.93999216
    0.08990557   32.42435340
    0.13485835   31.09010175
    0.17981113   29.69677519
    0.22476392   28.83059860
    0.26971670   27.67181052
    0.31466948   26.73324462
    0.35962226   26.12397526
    0.40457505   25.60101516
    0.44952783   25.11303316
    0.49448061   24.26624380
    0.53943340   23.39946408
    0.58438618   22.73765891
    0.62933896   22.54202547
    0.67429174   22.86416871
    0.71924453   23.24052968
    0.76419731   22.75974884
    0.80915009   22.20414143
    0.85410288   21.63830107
    0.89905566   21.11477448
    0.92153205   21.33433201
    0.94400844   21.48434729
    0.96648483   21.56911218
    0.98896122   21.61028483
    1.01143762   21.63790541
    1.03391401   21.68397839
    1.05639040   21.78364216
    1.07886679   21.79023308
    1.10134318   22.26979988
    1.12381957   22.66656716
    1.14629596   23.12633401
    1.16877235   23.59579320
    1.19124875   23.53191329
    1.21372514   23.42481225
    1.23620153   23.71773525
    1.25867792   23.52985419
    1.28115431   23.17887289
    1.30363070   23.13009371
    1.32610709   23.09930154
    1.34858348   23.08926982
    1.38751374   23.17752809
    1.42644399   23.44045572
    1.46537424   23.86647944
    1.50430449   24.37679421
    1.54323474   24.82060860
    1.58216499   25.01564751
    1.62109525   24.95416594
    1.66002550   24.76364706
    1.69895575   24.54224594
    1.73788600   24.98586475
    1.77681625   25.87246976
    1.81574651   26.90709393
    1.85467676   28.01392411
    1.89360701   29.06509953
    1.93253726   29.59303858
    1.97146751   29.79628424
    2.01039776   31.20893825
    2.04932802   32.34746968
    2.08825827   31.87510812
    2.12718852   31.67528524

    0.00000000   31.67528527
    0.04495278   32.00260518
    0.08990557   32.53032217
    0.13485835   31.45688557
    0.17981113   30.10689018
    0.22476392   29.71441602
    0.26971670   29.55880846
    0.31466948   28.39990437
    0.35962226   27.25136115
    0.40457505   26.16800167
    0.44952783   25.19687311
    0.49448061   24.48339508
    0.53943340   24.32244978
    0.58438618   24.58561014
    0.62933896   24.48581652
    0.67429174   23.87993437
    0.71924453   23.35058458
    0.76419731   22.80845086
    0.80915009   22.67276773
    0.85410288   23.03295098
    0.89905566   23.57804133
    0.92153205   23.33457590
    0.94400844   23.09079356
    0.96648483   22.85562497
    0.98896122   22.62652176
    1.01143762   22.40662792
    1.03391401   22.19436641
    1.05639040   21.98979036
    1.07886679   21.97206035
    1.10134318   22.34782359
    1.12381957   22.96127931
    1.14629596   23.57935037
    1.16877235   23.64861769
    1.19124875   23.97982253
    1.21372514   24.10295970
    1.23620153   23.90216323
    1.25867792   24.42939092
    1.28115431   25.13162904
    1.30363070   25.75093619
    1.32610709   26.05465036
    1.34858348   26.11776213
    1.38751374   26.13311463
    1.42644399   26.16990655
    1.46537424   26.21288835
    1.50430449   26.26317234
    1.54323474   26.38647192
    1.58216499   26.67947761
    1.62109525   26.99718668
    1.66002550   27.07956421
    1.69895575   26.95869978
    1.73788600   26.78618628
    1.77681625   26.82558309
    1.81574651   27.47496618
    1.85467676   28.55384385
    1.89360701   29.79034224
    1.93253726   31.03776914
    1.97146751   32.08189213
    2.01039776   32.55527153
    2.04932802   32.38804379
    2.08825827   31.93769169
    2.12718852   31.67528527

    0.00000000   34.94777206
    0.04495278   34.00181526
    0.08990557   32.60825629
    0.13485835   32.48093701
    0.17981113   31.89682262
    0.22476392   30.83121362
    0.26971670   29.82850392
    0.31466948   28.59073261
    0.35962226   27.41141979
    0.40457505   26.29267555
    0.44952783   25.24038554
    0.49448061   25.08327972
    0.53943340   25.10943673
    0.58438618   24.92308038
    0.62933896   24.78262163
    0.67429174   24.10755974
    0.71924453   23.44568165
    0.76419731   23.79016673
    0.80915009   24.08071746
    0.85410288   24.00933171
    0.89905566   23.57804153
    0.92153205   23.76364622
    0.94400844   23.83029141
    0.96648483   23.83415052
    0.98896122   23.83337493
    1.01143762   23.85580140
    1.03391401   23.91531803
    1.05639040   24.01880687
    1.07886679   24.14834337
    1.10134318   24.02551731
    1.12381957   23.89856936
    1.14629596   23.77093196
    1.16877235   24.18629114
    1.19124875   24.74355873
    1.21372514   25.19799519
    1.23620153   25.53931495
    1.25867792   25.80446149
    1.28115431   26.02644502
    1.30363070   26.27556883
    1.32610709   26.75525568
    1.34858348   27.15219520
    1.38751374   27.17902955
    1.42644399   27.10267600
    1.46537424   26.76166562
    1.50430449   26.51375846
    1.54323474   26.46338424
    1.58216499   26.70454359
    1.62109525   27.22265783
    1.66002550   27.90922252
    1.69895575   28.65319676
    1.73788600   29.34915630
    1.77681625   29.78298382
    1.81574651   30.25588133
    1.85467676   30.41906950
    1.89360701   30.49851462
    1.93253726   31.10281751
    1.97146751   32.45591213
    2.01039776   33.07376446
    2.04932802   32.65540553
    2.08825827   34.10454324
    2.12718852   34.94777206

    0.00000000   35.21512820
    0.04495278   34.24644180
    0.08990557   32.85356942
    0.13485835   33.34394308
    0.17981113   32.16128615
    0.22476392   30.99820643
    0.26971670   29.96545937
    0.31466948   29.09479987
    0.35962226   28.38993049
    0.40457505   27.80400150
    0.44952783   27.26470419
    0.49448061   26.70740793
    0.53943340   26.10247453
    0.58438618   25.45445391
    0.62933896   24.93786153
    0.67429174   25.16444345
    0.71924453   25.09292638
    0.76419731   24.77195852
    0.80915009   24.38041387
    0.85410288   24.04995185
    0.89905566   23.90502167
    0.92153205   23.95122009
    0.94400844   24.09628133
    0.96648483   24.33553592
    0.98896122   24.55514386
    1.01143762   24.47381952
    1.03391401   24.37680826
    1.05639040   24.26652792
    1.07886679   24.16665954
    1.10134318   24.35893496
    1.12381957   24.58935862
    1.14629596   24.85719574
    1.16877235   25.16899154
    1.19124875   25.54787313
    1.21372514   25.85864532
    1.23620153   26.22513491
    1.25867792   26.75760219
    1.28115431   27.34302363
    1.30363070   27.62757636
    1.32610709   27.61009496
    1.34858348   27.60428689
    1.38751374   27.43861061
    1.42644399   27.25760705
    1.46537424   27.38290738
    1.50430449   27.54976352
    1.54323474   27.75537666
    1.58216499   27.99867007
    1.62109525   28.27945712
    1.66002550   28.59778286
    1.69895575   28.95419866
    1.73788600   29.35384913
    1.77681625   29.91511496
    1.81574651   30.27105322
    1.85467676   30.76793736
    1.89360701   31.31913353
    1.93253726   31.90936517
    1.97146751   32.53814883
    2.01039776   33.20473906
    2.04932802   33.90679734
    2.08825827   34.63548316
    2.12718852   35.21512833

    0.00000000   35.21521864
    0.04495278   35.17623401
    0.08990557   34.75720557
    0.13485835   33.58412686
    0.17981113   32.47077576
    0.22476392   31.12279231
    0.26971670   30.06715390
    0.31466948   29.24085864
    0.35962226   28.43315939
    0.40457505   28.00833563
    0.44952783   27.87904176
    0.49448061   27.83407253
    0.53943340   27.80913264
    0.58438618   27.82220640
    0.62933896   27.72736194
    0.67429174   27.00756207
    0.71924453   26.26363100
    0.76419731   25.58207507
    0.80915009   25.00424414
    0.85410288   24.71307969
    0.89905566   24.70388573
    0.92153205   24.69491763
    0.94400844   24.66760849
    0.96648483   24.62014663
    0.98896122   24.64696525
    1.01143762   25.00237087
    1.03391401   25.37181574
    1.05639040   25.72351146
    1.07886679   26.01823347
    1.10134318   26.20928590
    1.12381957   26.25745625
    1.14629596   26.15874913
    1.16877235   25.96651616
    1.19124875   25.79993139
    1.21372514   26.03783111
    1.23620153   26.63459099
    1.25867792   27.29072565
    1.28115431   27.65655234
    1.30363070   27.91286688
    1.32610709   28.38318180
    1.34858348   28.00503442
    1.38751374   28.02223326
    1.42644399   28.06723208
    1.46537424   28.12978656
    1.50430449   28.18883809
    1.54323474   28.23507477
    1.58216499   28.30796228
    1.62109525   28.54641879
    1.66002550   29.06695700
    1.69895575   29.69629461
    1.73788600   30.22772087
    1.77681625   30.69342666
    1.81574651   31.16211962
    1.85467676   31.65918171
    1.89360701   32.19297928
    1.93253726   32.76804296
    1.97146751   33.00640049
    2.01039776   33.74328161
    2.04932802   34.60029145
    2.08825827   35.11954045
    2.12718852   35.21515724
