      1   13    262.316    -13.9012646184    -13.8896149606    -13.9012646184    -13.8896149606    0.002533
      2   13    188.657    -13.8993209637    -13.8894776616    -13.8993209637    -13.8894776616    0.008637
      3   12    152.490    -13.8984562187    -13.8895154572    -13.8984562187    -13.8895154572    0.015731
      4   12    145.476    -13.8983196271    -13.8895841908    -13.8983196271    -13.8895841908    0.023019
      5   12    130.333    -13.8978705624    -13.8895313367    -13.8978705624    -13.8895313367    0.030668
      6   12    127.512    -13.8976969029    -13.8894595804    -13.8976969029    -13.8894595804    0.037788
      7   12    173.146    -13.8987914846    -13.8895118874    -13.8987914846    -13.8895118874    0.043270
      8   12    239.476    -13.9004423350    -13.8896450009    -13.9004423350    -13.8896450009    0.047797
      9   12    256.273    -13.9007959501    -13.8896688997    -13.9007959501    -13.8896688997    0.053424
     10   12    210.545    -13.8995165494    -13.8895405524    -13.8995165494    -13.8895405524    0.061119
     11   12    167.727    -13.8983737044    -13.8894674641    -13.8983737044    -13.8894674641    0.069923
     12   12    168.704    -13.8984317245    -13.8895497232    -13.8984317245    -13.8895497232    0.078829
     13   12    179.774    -13.8986936216    -13.8895983256    -13.8986936216    -13.8895983256    0.087841
     14   12    176.112    -13.8984859225    -13.8895286797    -13.8984859225    -13.8895286797    0.096692
     15   12    189.399    -13.8987009317    -13.8894809327    -13.8987009317    -13.8894809327    0.104345
     16   12    241.043    -13.8999454076    -13.8895612367    -13.8999454076    -13.8895612367    0.110662
     17   13    285.482    -13.9010263514    -13.8896626748    -13.9010263514    -13.8896626748    0.117460
     18   13    265.339    -13.9004375882    -13.8896308253    -13.9004375882    -13.8896308253    0.126820
     19   13    197.382    -13.8986216892    -13.8894942764    -13.8986216892    -13.8894942764    0.138743
     20   12    154.184    -13.8975009152    -13.8894491518    -13.8975009152    -13.8894491518    0.151603
     21   12    160.759    -13.8976886582    -13.8895255811    -13.8976886582    -13.8895255811    0.164822
     22   13    178.075    -13.8980769609    -13.8895512054    -13.8980769609    -13.8895512054    0.179464
     23   13    189.955    -13.8982580924    -13.8895031149    -13.8982580924    -13.8895031149    0.196178
     24   13    219.824    -13.8989197510    -13.8895143334    -13.8989197510    -13.8895143334    0.214561
     25   13    260.955    -13.8999151509    -13.8896016059    -13.8999151509    -13.8896016059    0.234697
     26   13    266.796    -13.9000057836    -13.8896280796    -13.9000057836    -13.8896280796    0.257705
     27   13    221.706    -13.8987887284    -13.8895500515    -13.8987887284    -13.8895500515    0.284417
     28   12    172.027    -13.8974628964    -13.8894586592    -13.8974628964    -13.8894586592    0.314543
     29   12    166.857    -13.8973227808    -13.8894883129    -13.8973227808    -13.8894883129    0.347518
     30   12    194.569    -13.8980016614    -13.8895591944    -13.8980016614    -13.8895591944    0.383417
     31   12    218.380    -13.8984914621    -13.8895406308    -13.8984914621    -13.8895406308    0.422200
     32   12    243.049    -13.8989652448    -13.8894918584    -13.8989652448    -13.8894918584    0.462709
     33   12    284.380    -13.8999387179    -13.8895550950    -13.8999387179    -13.8895550950    0.503535
     34   13    309.225    -13.9005343730    -13.8896393741    -13.9005343730    -13.8896393741    0.544322
     35   13    273.712    -13.8995893846    -13.8896132291    -13.8995893846    -13.8896132291    0.585159
     36   13    192.855    -13.8974937847    -13.8894972789    -13.8974937847    -13.8894972789    0.625249
     37   12    134.678    -13.8959836908    -13.8894102822    -13.8959836908    -13.8894102822    0.663137
     38   12    144.712    -13.8962513280    -13.8894750965    -13.8962513280    -13.8894750965    0.698356
     39   13    193.056    -13.8974458172    -13.8895644602    -13.8974458172    -13.8895644602    0.732230
     40   13    233.218    -13.8983210673    -13.8895399141    -13.8983210673    -13.8895399141    0.766285
     41   13    268.122    -13.8990749031    -13.8895274919    -13.8990749031    -13.8895274919    0.800551
     42   13    299.864    -13.8998228375    -13.8895910950    -13.8998228375    -13.8895910950    0.833928
     43   13    296.407    -13.8996794283    -13.8896008750    -13.8996794283    -13.8896008750    0.864988
     44   13    248.505    -13.8984159505    -13.8895383540    -13.8984159505    -13.8895383540    0.892302
     45   12    192.247    -13.8969514952    -13.8894603412    -13.8969514952    -13.8894603412    0.915186
     46   12    171.956    -13.8964122829    -13.8894443669    -13.8964122829    -13.8894443669    0.934594
     47   12    194.544    -13.8969759007    -13.8895130062    -13.8969759007    -13.8895130062    0.953403
     48   12    225.826    -13.8977031382    -13.8895445808    -13.8977031382    -13.8895445808    0.975506
     49   13    249.603    -13.8981708608    -13.8895004008    -13.8981708608    -13.8895004008    1.003917
     50   13    281.475    -13.8989005563    -13.8895310313    -13.8989005563    -13.8895310313    1.039590
     51   13    305.428    -13.8994781638    -13.8896020754    -13.8994781638    -13.8896020754    1.081858
     52   13    284.021    -13.8988960993    -13.8895892042    -13.8988960993    -13.8895892042    1.129317
     53   13    221.815    -13.8972904630    -13.8895118259    -13.8972904630    -13.8895118259    1.180542
     54   13    167.009    -13.8958622404    -13.8894239151    -13.8958622404    -13.8894239151    1.234972
     55   12    170.458    -13.8959082439    -13.8894215941    -13.8959082439    -13.8894215941    1.293838
     56   12    233.012    -13.8974500581    -13.8895178761    -13.8974500581    -13.8895178761    1.360780
     57   13    301.941    -13.8990922645    -13.8895755157    -13.8990922645    -13.8895755157    1.440633
     58   13    345.290    -13.9000417794    -13.8895570701    -13.9000417794    -13.8895570701    1.535912
     59   13    362.609    -13.9004136368    -13.8895821661    -13.9004136368    -13.8895821661    1.643991
     60   13    341.709    -13.8998483373    -13.8895745121    -13.8998483373    -13.8895745121    1.757270
     61   13    284.304    -13.8983697175    -13.8895114929    -13.8983697175    -13.8895114929    1.866103
     62   12    220.330    -13.8967618976    -13.8894640901    -13.8967618976    -13.8894640901    1.962989
     63   12    180.513    -13.8957517247    -13.8894319591    -13.8957517247    -13.8894319591    2.045599
     64   12    183.609    -13.8958049440    -13.8894412175    -13.8958049440    -13.8894412175    2.117362
     65   12    222.115    -13.8967420469    -13.8894969306    -13.8967420469    -13.8894969306    2.185867
     66   12    268.723    -13.8978215398    -13.8895093325    -13.8978215398    -13.8895093325    2.259005
     67   13    310.806    -13.8987917725    -13.8895262148    -13.8987917725    -13.8895262148    2.339925
     68   13    336.799    -13.8994015019    -13.8895685120    -13.8994015019    -13.8895685120    2.424646
     69   13    332.028    -13.8992119122    -13.8895417498    -13.8992119122    -13.8895417498    2.504614
     70   13    308.945    -13.8985703616    -13.8894940419    -13.8985703616    -13.8894940419    2.572487
     71   13    291.166    -13.8980930037    -13.8894802898    -13.8980930037    -13.8894802898    2.626917
     72   13    293.104    -13.8980804132    -13.8894609089    -13.8980804132    -13.8894609089    2.673702
     73   12    325.441    -13.8988210746    -13.8894739611    -13.8988210746    -13.8894739611    2.724054
     74   12    374.590    -13.9000086036    -13.8895381611    -13.9000086036    -13.8895381611    2.791478
     75   13    405.601    -13.9007255255    -13.8895648362    -13.9007255255    -13.8895648362    2.886350
     76   13    399.214    -13.9005388870    -13.8895743003    -13.9005388870    -13.8895743003    3.009101
     77   12    353.490    -13.8993618428    -13.8895219010    -13.8993618428    -13.8895219010    3.147973
     78   13    293.448    -13.8978325301    -13.8894501364    -13.8978325301    -13.8894501364    3.285018
     79   13    259.364    -13.8969903858    -13.8894438162    -13.8969903858    -13.8894438162    3.405679
     80   12    261.275    -13.8970493844    -13.8894820908    -13.8970493844    -13.8894820908    3.505409
     81   12    285.543    -13.8975835941    -13.8894656859    -13.8975835941    -13.8894656859    3.591082
     82   12    332.275    -13.8986659542    -13.8894667549    -13.8986659542    -13.8894667549    3.678309
     83   12    398.666    -13.9002624741    -13.8895188676    -13.9002624741    -13.8895188676    3.785754
     84   12    456.721    -13.9016546147    -13.8895670919    -13.9016546147    -13.8895670919    3.925940
     85   12    470.884    -13.9019777963    -13.8895873569    -13.9019777963    -13.8895873569    4.096265
     86   12    434.170    -13.9009925070    -13.8895021781    -13.9009925070    -13.8895021781    4.279879
     87   12    390.310    -13.8998471920    -13.8894208566    -13.8998471920    -13.8894208566    4.456715
     88   12    385.137    -13.8997254020    -13.8894405110    -13.8997254020    -13.8894405110    4.614893
     89   12    413.667    -13.9004382702    -13.8894927011    -13.9004382702    -13.8894927011    4.755993
     90   12    450.479    -13.9012801936    -13.8894757044    -13.9012801936    -13.8894757044    4.894165
     91   12    493.844    -13.9022983517    -13.8894767210    -13.9022983517    -13.8894767210    5.051043
     92   12    532.328    -13.9032834918    -13.8895563753    -13.9032834918    -13.8895563753    5.245995
     93   13    526.542    -13.9031823480    -13.8895951372    -13.9031823480    -13.8895951372    5.482504
     94   13    457.425    -13.9014805441    -13.8895316749    -13.9014805441    -13.8895316749    5.740496
     95   13    363.259    -13.8991290911    -13.8894107710    -13.8991290911    -13.8894107710    5.984840
     96   12    313.096    -13.8979020198    -13.8893690582    -13.8979020198    -13.8893690582    6.183330
     97   12    336.000    -13.8985145830    -13.8894315439    -13.8985145830    -13.8894315439    6.320918
     98   13    398.187    -13.9000665560    -13.8894989502    -13.9000665560    -13.8894989502    6.405332
     99   13    461.413    -13.9015561389    -13.8894759358    -13.9015561389    -13.8894759358    6.465454
    100   12    529.081    -13.9031735503    -13.8894695457    -13.9031735503    -13.8894695457    6.542092
    101   12    598.391    -13.9049406331    -13.8895650568    -13.9049406331    -13.8895650568    6.669197
    102   12    616.686    -13.9054958218    -13.8896495668    -13.9054958218    -13.8896495668    6.852697
    103   12    547.010    -13.9037956620    -13.8895609637    -13.9037956620    -13.8895609637    7.066790
    104   12    441.877    -13.9011876052    -13.8894073151    -13.9011876052    -13.8894073151    7.272730
    105   12    389.542    -13.8999497746    -13.8893738301    -13.8999497746    -13.8893738301    7.441839
    106   12    406.579    -13.9005142852    -13.8894950406    -13.9005142852    -13.8894950406    7.568268
    107   12    430.340    -13.9011894251    -13.8895633176    -13.9011894251    -13.8895633176    7.671835
    108   12    423.790    -13.9009852241    -13.8894689031    -13.9009852241    -13.8894689031    7.792541
    109   13    428.895    -13.9011171288    -13.8894315561    -13.9011171288    -13.8894315561    7.973617
    110   13    461.833    -13.9020919552    -13.8895713156    -13.9020919552    -13.8895713156    8.233858
    111   13    457.554    -13.9021081222    -13.8896313964    -13.9021081222    -13.8896313964    8.547788
    112   13    386.998    -13.9003681535    -13.8895113803    -13.9003681535    -13.8895113803    8.856414
    113   12    318.241    -13.8986667884    -13.8893952199    -13.8986667884    -13.8893952199    9.098977
    114   12    321.951    -13.8988280917    -13.8894248887    -13.8988280917    -13.8894248887    9.238658
    115   12    379.982    -13.9003872945    -13.8895579527    -13.9003872945    -13.8895579527    9.273887
    116   13    412.250    -13.9012671250    -13.8896161800    -13.9012671250    -13.8896161800    9.239589
    117   13    390.262    -13.9006890084    -13.8895025669    -13.9006890084    -13.8895025669    9.198272
    118   12    374.123    -13.9003114549    -13.8894519051    -13.9003114549    -13.8894519051    9.215599
    119   12    384.535    -13.9007643758    -13.8896003778    -13.9007643758    -13.8896003778    9.323697
    120   12    352.828    -13.9000856526    -13.8896180231    -13.9000856526    -13.8896180231    9.500600
    121   12    269.472    -13.8979859172    -13.8894496897    -13.8979859172    -13.8894496897    9.690642
    122   13    225.401    -13.8968761035    -13.8893486928    -13.8968761035    -13.8893486928    9.841359
    123   13    273.503    -13.8981648374    -13.8894578341    -13.8981648374    -13.8894578341    9.926438
    124   12    351.114    -13.9002288643    -13.8896326778    -13.9002288643    -13.8896326778    9.953162
    125   12    365.093    -13.9006002866    -13.8896189032    -13.9006002866    -13.8896189032    9.961023
    126   13    320.503    -13.8994264054    -13.8894523841    -13.8994264054    -13.8894523841   10.009494
    127   13    295.648    -13.8988738046    -13.8894434850    -13.8988738046    -13.8894434850   10.148188
    128   13    293.666    -13.8990113314    -13.8895837330    -13.8990113314    -13.8895837330   10.379683
    129   13    252.511    -13.8980509709    -13.8895600336    -13.8980509709    -13.8895600336   10.651675
    130   13    186.410    -13.8963719842    -13.8894188632    -13.8963719842    -13.8894188632   10.890000
    131   12    176.574    -13.8961159306    -13.8893709968    -13.8961159306    -13.8893709968   11.036898
    132   12    249.078    -13.8979854454    -13.8894900955    -13.8979854454    -13.8894900955   11.070894
    133   13    333.142    -13.9001693277    -13.8896394076    -13.9001693277    -13.8896394076   11.012456
    134   13    347.046    -13.9005176648    -13.8896127553    -13.9005176648    -13.8896127553   10.920040
    135   13    306.075    -13.8994550045    -13.8894796581    -13.8994550045    -13.8894796581   10.871305
    136   13    279.998    -13.8989155915    -13.8895204726    -13.8989155915    -13.8895204726   10.924882
    137   12    255.560    -13.8984644719    -13.8896143896    -13.8984644719    -13.8896143896   11.082260
    138   12    189.293    -13.8968186815    -13.8895136863    -13.8968186815    -13.8895136863   11.290586
    139   12    134.421    -13.8953987295    -13.8893769627    -13.8953987295    -13.8893769627   11.483002
    140   12    165.290    -13.8961967862    -13.8894246591    -13.8961967862    -13.8894246591   11.613342
    141   12    254.880    -13.8985214420    -13.8895988225    -13.8985214420    -13.8895988225   11.670256
    142   12    305.954    -13.8998330660    -13.8896678071    -13.8998330660    -13.8896678071   11.678708
    143   13    279.101    -13.8991099082    -13.8895516267    -13.8991099082    -13.8895516267   11.691182
    144   13    234.181    -13.8979810040    -13.8894628612    -13.8979810040    -13.8894628612   11.763276
    145   13    222.200    -13.8977949415    -13.8895383338    -13.8977949415    -13.8895383338   11.917527
    146   13    211.195    -13.8976018562    -13.8895856520    -13.8976018562    -13.8895856520   12.122840
    147   13    174.998    -13.8966683447    -13.8894940298    -13.8966683447    -13.8894940298   12.313524
    148   12    158.377    -13.8962155458    -13.8894216816    -13.8962155458    -13.8894216816   12.427837
    149   12    202.387    -13.8973320139    -13.8894787245    -13.8973320139    -13.8894787245   12.433874
    150   13    274.309    -13.8991816287    -13.8896025658    -13.8991816287    -13.8896025658   12.338304
    151   13    302.743    -13.8999177630    -13.8896424758    -13.8999177630    -13.8896424758   12.185150
    152   13    266.505    -13.8989883704    -13.8895531739    -13.8989883704    -13.8895531739   12.043788
    153   13    216.762    -13.8977598388    -13.8894889769    -13.8977598388    -13.8894889769   11.981940
    154   12    189.861    -13.8972012282    -13.8895557320    -13.8972012282    -13.8895557320   12.030223
    155   12    161.149    -13.8965265686    -13.8895522479    -13.8965265686    -13.8895522479   12.166224
    156   12    132.631    -13.8957429825    -13.8894380485    -13.8957429825    -13.8894380485   12.335670
    157   12    155.971    -13.8962897440    -13.8894239089    -13.8962897440    -13.8894239089   12.486712
    158   12    237.352    -13.8983595752    -13.8895533489    -13.8983595752    -13.8895533489   12.591224
    159   12    309.237    -13.9001769739    -13.8896537778    -13.9001769739    -13.8896537778   12.652066
    160   12    313.634    -13.9002445157    -13.8896057827    -13.9002445157    -13.8896057827   12.700625
    161   13    268.547    -13.8990793458    -13.8895009060    -13.8990793458    -13.8895009060   12.781857
    162   13    227.529    -13.8981037226    -13.8894908307    -13.8981037226    -13.8894908307   12.927126
    163   13    203.981    -13.8975951010    -13.8895347379    -13.8975951010    -13.8895347379   13.129808
    164   13    179.504    -13.8969952082    -13.8895111090    -13.8969952082    -13.8895111090   13.345654
    165   12    164.627    -13.8965921196    -13.8894578363    -13.8965921196    -13.8894578363   13.518794
    166   12    186.394    -13.8971356477    -13.8894820356    -13.8971356477    -13.8894820356   13.609145
    167   12    233.201    -13.8983306322    -13.8895637246    -13.8983306322    -13.8895637246   13.607200
    168   13    257.970    -13.8989722369    -13.8896160067    -13.8989722369    -13.8896160067   13.537688
    169   13    234.553    -13.8983623610    -13.8895618514    -13.8983623610    -13.8895618514   13.453003
    170   13    191.337    -13.8972498966    -13.8894761279    -13.8972498966    -13.8894761279   13.413353
    171   12    173.481    -13.8968249445    -13.8894765991    -13.8968249445    -13.8894765991   13.457967
    172   12    185.118    -13.8971453720    -13.8895231104    -13.8971453720    -13.8895231104   13.584536
    173   12    207.160    -13.8976561580    -13.8895143052    -13.8976561580    -13.8895143052   13.754432
    174   12    243.140    -13.8984940509    -13.8895032468    -13.8984940509    -13.8895032468   13.918005
    175   12    293.794    -13.8997463265    -13.8895599587    -13.8997463265    -13.8895599587   14.037801
    176   12    326.596    -13.9005700217    -13.8896134543    -13.9005700217    -13.8896134543   14.101050
    177   12    307.126    -13.9000829537    -13.8895975849    -13.9000829537    -13.8895975849   14.122332
    178   12    242.499    -13.8984653122    -13.8895224925    -13.8984653122    -13.8895224925   14.136009
    179   12    178.168    -13.8968665853    -13.8894581685    -13.8968665853    -13.8894581685   14.177964
    180   12    151.156    -13.8962277841    -13.8894670774    -13.8962277841    -13.8894670774   14.263981
    181   12    158.680    -13.8964269520    -13.8894945957    -13.8964269520    -13.8894945957   14.379677
    182   12    186.712    -13.8970828266    -13.8894939210    -13.8970828266    -13.8894939210   14.490674
    183   12    232.240    -13.8981722970    -13.8895145776    -13.8981722970    -13.8895145776   14.562539
    184   12    281.210    -13.8993682437    -13.8895638625    -13.8993682437    -13.8895638625   14.576476
    185   13    304.343    -13.8999330928    -13.8895984687    -13.8999330928    -13.8895984687   14.537831
    186   13    281.737    -13.8993651715    -13.8895868833    -13.8993651715    -13.8895868833   14.476528
    187   13    225.474    -13.8979377138    -13.8895129615    -13.8979377138    -13.8895129615   14.437830
    188   12    177.832    -13.8967368314    -13.8894582341    -13.8967368314    -13.8894582341   14.464328
    189   12    170.886    -13.8965712184    -13.8894714832    -13.8965712184    -13.8894714832   14.575773
    190   12    199.996    -13.8972725330    -13.8894976067    -13.8972725330    -13.8894976067   14.759989
    191   12    251.188    -13.8984849575    -13.8895152985    -13.8984849575    -13.8895152985   14.981868
    192   13    308.971    -13.8998776496    -13.8895627791    -13.8998776496    -13.8895627791   15.200004
    193   13    346.513    -13.9007718829    -13.8895974076    -13.9007718829    -13.8895974076   15.381839
    194   13    342.346    -13.9006425074    -13.8896003235    -13.9006425074    -13.8896003235   15.514794
    195   12    295.222    -13.8994600389    -13.8895676529    -13.8994600389    -13.8895676529   15.609327
    196   12    227.420    -13.8977604800    -13.8895038682    -13.8977604800    -13.8895038682   15.691779
    197   12    176.308    -13.8964999459    -13.8894779138    -13.8964999459    -13.8894779138   15.788871
    198   12    161.396    -13.8961411147    -13.8894918195    -13.8961411147    -13.8894918195   15.910646
    199   12    177.459    -13.8964967071    -13.8894859884    -13.8964967071    -13.8894859884   16.044764
    200   10    219.422    -13.8974855658    -13.8895033076    -13.8974855658    -13.8895033076   16.165962
