&SYSTEM
    1
    3    5    5
    6    8    1
    1    2    2
  10.00000  10.00000  10.00000   90.0000   90.0000   90.0000
&END
&COORDINATES
     -0.454386698724      0.920576630908     -0.000083150813
     -1.228068791767     -1.514557778254     -0.000103069491
      1.721921542053      1.676030733477     -0.000048998847
     -2.160245953835      2.171074172696     -0.000102340176
      0.279743738806     -2.614867869786     -0.000077131030
&END
&VELOCITIES 
      0.000000000000      0.000000000000      0.000000000000
      0.000000000000      0.000000000000      0.000000000000
      0.000000000000      0.000000000000      0.000000000000
      0.000000000000      0.000000000000      0.000000000000
      0.000000000000      0.000000000000      0.000000000000
&END
&FORCES     
     -0.000245743768     -0.000079003206      0.000000035347
      0.000139056032     -0.000085968448      0.000000067367
     -0.000011410154      0.000102317722     -0.000000065026
     -0.000345938143     -0.000241804399      0.000000032397
      0.000455236600      0.000287296579     -0.000000122138
&END
