      6.0000000000     -69.9594221039     -0.0065390145
      6.0001000000     -69.9594227569     -0.0065207887
      6.0002000000     -69.9594234081     -0.0065025640
      6.0003000000     -69.9594240574     -0.0064843406
      6.0004000000     -69.9594247049     -0.0064661185
      6.0005000000     -69.9594253506     -0.0064478975
      6.0006000000     -69.9594259945     -0.0064296778
      6.0007000000     -69.9594266366     -0.0064114593
      6.0008000000     -69.9594272768     -0.0063932421
      6.0009000000     -69.9594279152     -0.0063750260
      6.0010000000     -69.9594285518     -0.0063568112
      6.0011000000     -69.9594291866     -0.0063385977
      6.0012000000     -69.9594298195     -0.0063203854
      6.0013000000     -69.9594304507     -0.0063021743
      6.0014000000     -69.9594310800     -0.0062839644
      6.0015000000     -69.9594317075     -0.0062657558
      6.0016000000     -69.9594323331     -0.0062475485
      6.0017000000     -69.9594329570     -0.0062293424
      6.0018000000     -69.9594335790     -0.0062111375
      6.0019000000     -69.9594341992     -0.0061929339
      6.0020000000     -69.9594348176     -0.0061747315
      6.0021000000     -69.9594354341     -0.0061565304
      6.0022000000     -69.9594360489     -0.0061383305
      6.0023000000     -69.9594366618     -0.0061201319
      6.0024000000     -69.9594372729     -0.0061019345
      6.0025000000     -69.9594378822     -0.0060837384
      6.0026000000     -69.9594384897     -0.0060655436
      6.0027000000     -69.9594390953     -0.0060473500
      6.0028000000     -69.9594396991     -0.0060291577
      6.0029000000     -69.9594403011     -0.0060109666
      6.0030000000     -69.9594409013     -0.0059927768
      6.0031000000     -69.9594414997     -0.0059745882
      6.0032000000     -69.9594420962     -0.0059564010
      6.0033000000     -69.9594426910     -0.0059382150
      6.0034000000     -69.9594432839     -0.0059200302
      6.0035000000     -69.9594438750     -0.0059018468
      6.0036000000     -69.9594444643     -0.0058836646
      6.0037000000     -69.9594450517     -0.0058654837
      6.0038000000     -69.9594456374     -0.0058473040
      6.0039000000     -69.9594462212     -0.0058291257
      6.0040000000     -69.9594468032     -0.0058109486
      6.0041000000     -69.9594473834     -0.0057927728
      6.0042000000     -69.9594479617     -0.0057745983
      6.0043000000     -69.9594485383     -0.0057564250
      6.0044000000     -69.9594491130     -0.0057382531
      6.0045000000     -69.9594496859     -0.0057200824
      6.0046000000     -69.9594502570     -0.0057019131
      6.0047000000     -69.9594508263     -0.0056837450
      6.0048000000     -69.9594513938     -0.0056655782
      6.0049000000     -69.9594519594     -0.0056474127
      6.0050000000     -69.9594525233     -0.0056292485
      6.0051000000     -69.9594530853     -0.0056110855
      6.0052000000     -69.9594536455     -0.0055929239
      6.0053000000     -69.9594542039     -0.0055747636
      6.0054000000     -69.9594547604     -0.0055566046
      6.0055000000     -69.9594553152     -0.0055384469
      6.0056000000     -69.9594558681     -0.0055202905
      6.0057000000     -69.9594564192     -0.0055021354
      6.0058000000     -69.9594569686     -0.0054839816
      6.0059000000     -69.9594575160     -0.0054658291
      6.0060000000     -69.9594580617     -0.0054476779
      6.0061000000     -69.9594586056     -0.0054295280
      6.0062000000     -69.9594591476     -0.0054113794
      6.0063000000     -69.9594596879     -0.0053932322
      6.0064000000     -69.9594602263     -0.0053750863
      6.0065000000     -69.9594607629     -0.0053569417
      6.0066000000     -69.9594612977     -0.0053387984
      6.0067000000     -69.9594618306     -0.0053206564
      6.0068000000     -69.9594623618     -0.0053025157
      6.0069000000     -69.9594628911     -0.0052843764
      6.0070000000     -69.9594634187     -0.0052662384
      6.0071000000     -69.9594639444     -0.0052481017
      6.0072000000     -69.9594644683     -0.0052299663
      6.0073000000     -69.9594649904     -0.0052118323
      6.0074000000     -69.9594655107     -0.0051936996
      6.0075000000     -69.9594660291     -0.0051755683
      6.0076000000     -69.9594665458     -0.0051574382
      6.0077000000     -69.9594670606     -0.0051393095
      6.0078000000     -69.9594675736     -0.0051211822
      6.0079000000     -69.9594680848     -0.0051030561
      6.0080000000     -69.9594685942     -0.0050849315
      6.0081000000     -69.9594691018     -0.0050668081
      6.0082000000     -69.9594696076     -0.0050486861
      6.0083000000     -69.9594701116     -0.0050305655
      6.0084000000     -69.9594706137     -0.0050124462
      6.0085000000     -69.9594711141     -0.0049943282
      6.0086000000     -69.9594716126     -0.0049762116
      6.0087000000     -69.9594721093     -0.0049580963
      6.0088000000     -69.9594726042     -0.0049399824
      6.0089000000     -69.9594730973     -0.0049218699
      6.0090000000     -69.9594735886     -0.0049037586
      6.0091000000     -69.9594740780     -0.0048856488
      6.0092000000     -69.9594745657     -0.0048675403
      6.0093000000     -69.9594750516     -0.0048494332
      6.0094000000     -69.9594755356     -0.0048313274
      6.0095000000     -69.9594760178     -0.0048132230
      6.0096000000     -69.9594764982     -0.0047951200
      6.0097000000     -69.9594769768     -0.0047770183
      6.0098000000     -69.9594774536     -0.0047589180
      6.0099000000     -69.9594779286     -0.0047408190
      6.0100000000     -69.9594784018     -0.0047227215
      6.0101000000     -69.9594788732     -0.0047046252
      6.0102000000     -69.9594793427     -0.0046865304
      6.0103000000     -69.9594798105     -0.0046684370
      6.0104000000     -69.9594802764     -0.0046503449
      6.0105000000     -69.9594807405     -0.0046322542
      6.0106000000     -69.9594812029     -0.0046141649
      6.0107000000     -69.9594816634     -0.0045960769
      6.0108000000     -69.9594821221     -0.0045779904
      6.0109000000     -69.9594825790     -0.0045599052
      6.0110000000     -69.9594830341     -0.0045418214
      6.0111000000     -69.9594834873     -0.0045237390
      6.0112000000     -69.9594839388     -0.0045056580
      6.0113000000     -69.9594843885     -0.0044875783
      6.0114000000     -69.9594848363     -0.0044695001
      6.0115000000     -69.9594852824     -0.0044514233
      6.0116000000     -69.9594857266     -0.0044333478
      6.0117000000     -69.9594861690     -0.0044152738
      6.0118000000     -69.9594866097     -0.0043972011
      6.0119000000     -69.9594870485     -0.0043791298
      6.0120000000     -69.9594874855     -0.0043610600
      6.0121000000     -69.9594879207     -0.0043429915
      6.0122000000     -69.9594883541     -0.0043249245
      6.0123000000     -69.9594887857     -0.0043068588
      6.0124000000     -69.9594892155     -0.0042887946
      6.0125000000     -69.9594896434     -0.0042707317
      6.0126000000     -69.9594900696     -0.0042526703
      6.0127000000     -69.9594904940     -0.0042346103
      6.0128000000     -69.9594909165     -0.0042165517
      6.0129000000     -69.9594913373     -0.0041984945
      6.0130000000     -69.9594917562     -0.0041804387
      6.0131000000     -69.9594921734     -0.0041623844
      6.0132000000     -69.9594925887     -0.0041443314
      6.0133000000     -69.9594930022     -0.0041262799
      6.0134000000     -69.9594934140     -0.0041082298
      6.0135000000     -69.9594938239     -0.0040901812
      6.0136000000     -69.9594942320     -0.0040721339
      6.0137000000     -69.9594946383     -0.0040540881
      6.0138000000     -69.9594950428     -0.0040360437
      6.0139000000     -69.9594954455     -0.0040180007
      6.0140000000     -69.9594958464     -0.0039999592
      6.0141000000     -69.9594962455     -0.0039819191
      6.0142000000     -69.9594966428     -0.0039638804
      6.0143000000     -69.9594970383     -0.0039458432
      6.0144000000     -69.9594974320     -0.0039278074
      6.0145000000     -69.9594978238     -0.0039097730
      6.0146000000     -69.9594982139     -0.0038917401
      6.0147000000     -69.9594986022     -0.0038737086
      6.0148000000     -69.9594989887     -0.0038556786
      6.0149000000     -69.9594993733     -0.0038376500
      6.0150000000     -69.9594997562     -0.0038196228
      6.0151000000     -69.9595001373     -0.0038015971
      6.0152000000     -69.9595005165     -0.0037835729
      6.0153000000     -69.9595008940     -0.0037655501
      6.0154000000     -69.9595012696     -0.0037475287
      6.0155000000     -69.9595016435     -0.0037295088
      6.0156000000     -69.9595020155     -0.0037114904
      6.0157000000     -69.9595023858     -0.0036934734
      6.0158000000     -69.9595027542     -0.0036754579
      6.0159000000     -69.9595031209     -0.0036574438
      6.0160000000     -69.9595034857     -0.0036394312
      6.0161000000     -69.9595038488     -0.0036214200
      6.0162000000     -69.9595042100     -0.0036034104
      6.0163000000     -69.9595045694     -0.0035854021
      6.0164000000     -69.9595049271     -0.0035673954
      6.0165000000     -69.9595052829     -0.0035493901
      6.0166000000     -69.9595056370     -0.0035313863
      6.0167000000     -69.9595059892     -0.0035133840
      6.0168000000     -69.9595063396     -0.0034953831
      6.0169000000     -69.9595066883     -0.0034773837
      6.0170000000     -69.9595070351     -0.0034593858
      6.0171000000     -69.9595073801     -0.0034413893
      6.0172000000     -69.9595077234     -0.0034233944
      6.0173000000     -69.9595080648     -0.0034054009
      6.0174000000     -69.9595084045     -0.0033874089
      6.0175000000     -69.9595087423     -0.0033694184
      6.0176000000     -69.9595090784     -0.0033514294
      6.0177000000     -69.9595094126     -0.0033334418
      6.0178000000     -69.9595097450     -0.0033154558
      6.0179000000     -69.9595100757     -0.0032974712
      6.0180000000     -69.9595104045     -0.0032794881
      6.0181000000     -69.9595107316     -0.0032615066
      6.0182000000     -69.9595110568     -0.0032435265
      6.0183000000     -69.9595113803     -0.0032255479
      6.0184000000     -69.9595117019     -0.0032075708
      6.0185000000     -69.9595120218     -0.0031895952
      6.0186000000     -69.9595123399     -0.0031716211
      6.0187000000     -69.9595126561     -0.0031536485
      6.0188000000     -69.9595129706     -0.0031356774
      6.0189000000     -69.9595132833     -0.0031177078
      6.0190000000     -69.9595135941     -0.0030997398
      6.0191000000     -69.9595139032     -0.0030817732
      6.0192000000     -69.9595142105     -0.0030638081
      6.0193000000     -69.9595145160     -0.0030458446
      6.0194000000     -69.9595148197     -0.0030278826
      6.0195000000     -69.9595151215     -0.0030099220
      6.0196000000     -69.9595154216     -0.0029919630
      6.0197000000     -69.9595157199     -0.0029740055
      6.0198000000     -69.9595160164     -0.0029560496
      6.0199000000     -69.9595163112     -0.0029380951
      6.0200000000     -69.9595166041     -0.0029201422
      6.0201000000     -69.9595168952     -0.0029021908
      6.0202000000     -69.9595171845     -0.0028842409
      6.0203000000     -69.9595174720     -0.0028662925
      6.0204000000     -69.9595177578     -0.0028483457
      6.0205000000     -69.9595180417     -0.0028304004
      6.0206000000     -69.9595183238     -0.0028124567
      6.0207000000     -69.9595186042     -0.0027945144
      6.0208000000     -69.9595188827     -0.0027765737
      6.0209000000     -69.9595191595     -0.0027586346
      6.0210000000     -69.9595194345     -0.0027406969
      6.0211000000     -69.9595197076     -0.0027227608
      6.0212000000     -69.9595199790     -0.0027048263
      6.0213000000     -69.9595202486     -0.0026868933
      6.0214000000     -69.9595205164     -0.0026689618
      6.0215000000     -69.9595207824     -0.0026510319
      6.0216000000     -69.9595210466     -0.0026331035
      6.0217000000     -69.9595213090     -0.0026151767
      6.0218000000     -69.9595215696     -0.0025972514
      6.0219000000     -69.9595218285     -0.0025793277
      6.0220000000     -69.9595220855     -0.0025614055
      6.0221000000     -69.9595223408     -0.0025434849
      6.0222000000     -69.9595225942     -0.0025255658
      6.0223000000     -69.9595228459     -0.0025076483
      6.0224000000     -69.9595230957     -0.0024897323
      6.0225000000     -69.9595233438     -0.0024718180
      6.0226000000     -69.9595235901     -0.0024539051
      6.0227000000     -69.9595238346     -0.0024359939
      6.0228000000     -69.9595240773     -0.0024180841
      6.0229000000     -69.9595243182     -0.0024001760
      6.0230000000     -69.9595245573     -0.0023822694
      6.0231000000     -69.9595247947     -0.0023643644
      6.0232000000     -69.9595250302     -0.0023464610
      6.0233000000     -69.9595252640     -0.0023285591
      6.0234000000     -69.9595254959     -0.0023106588
      6.0235000000     -69.9595257261     -0.0022927601
      6.0236000000     -69.9595259545     -0.0022748630
      6.0237000000     -69.9595261811     -0.0022569674
      6.0238000000     -69.9595264059     -0.0022390735
      6.0239000000     -69.9595266289     -0.0022211811
      6.0240000000     -69.9595268501     -0.0022032902
      6.0241000000     -69.9595270695     -0.0021854010
      6.0242000000     -69.9595272872     -0.0021675134
      6.0243000000     -69.9595275030     -0.0021496273
      6.0244000000     -69.9595277171     -0.0021317428
      6.0245000000     -69.9595279294     -0.0021138600
      6.0246000000     -69.9595281399     -0.0020959787
      6.0247000000     -69.9595283486     -0.0020780990
      6.0248000000     -69.9595285555     -0.0020602209
      6.0249000000     -69.9595287606     -0.0020423444
      6.0250000000     -69.9595289640     -0.0020244694
      6.0251000000     -69.9595291655     -0.0020065961
      6.0252000000     -69.9595293653     -0.0019887244
      6.0253000000     -69.9595295633     -0.0019708543
      6.0254000000     -69.9595297595     -0.0019529858
      6.0255000000     -69.9595299539     -0.0019351189
      6.0256000000     -69.9595301465     -0.0019172536
      6.0257000000     -69.9595303373     -0.0018993900
      6.0258000000     -69.9595305264     -0.0018815279
      6.0259000000     -69.9595307136     -0.0018636674
      6.0260000000     -69.9595308991     -0.0018458086
      6.0261000000     -69.9595310828     -0.0018279513
      6.0262000000     -69.9595312647     -0.0018100957
      6.0263000000     -69.9595314448     -0.0017922417
      6.0264000000     -69.9595316231     -0.0017743893
      6.0265000000     -69.9595317997     -0.0017565386
      6.0266000000     -69.9595319744     -0.0017386894
      6.0267000000     -69.9595321474     -0.0017208419
      6.0268000000     -69.9595323186     -0.0017029960
      6.0269000000     -69.9595324880     -0.0016851518
      6.0270000000     -69.9595326556     -0.0016673091
      6.0271000000     -69.9595328215     -0.0016494681
      6.0272000000     -69.9595329855     -0.0016316288
      6.0273000000     -69.9595331478     -0.0016137910
      6.0274000000     -69.9595333083     -0.0015959549
      6.0275000000     -69.9595334670     -0.0015781204
      6.0276000000     -69.9595336239     -0.0015602876
      6.0277000000     -69.9595337791     -0.0015424564
      6.0278000000     -69.9595339324     -0.0015246269
      6.0279000000     -69.9595340840     -0.0015067990
      6.0280000000     -69.9595342338     -0.0014889727
      6.0281000000     -69.9595343818     -0.0014711481
      6.0282000000     -69.9595345280     -0.0014533251
      6.0283000000     -69.9595346724     -0.0014355037
      6.0284000000     -69.9595348151     -0.0014176841
      6.0285000000     -69.9595349560     -0.0013998660
      6.0286000000     -69.9595350951     -0.0013820497
      6.0287000000     -69.9595352324     -0.0013642349
      6.0288000000     -69.9595353679     -0.0013464219
      6.0289000000     -69.9595355017     -0.0013286105
      6.0290000000     -69.9595356336     -0.0013108007
      6.0291000000     -69.9595357638     -0.0012929926
      6.0292000000     -69.9595358922     -0.0012751862
      6.0293000000     -69.9595360189     -0.0012573814
      6.0294000000     -69.9595361437     -0.0012395783
      6.0295000000     -69.9595362668     -0.0012217769
      6.0296000000     -69.9595363881     -0.0012039771
      6.0297000000     -69.9595365076     -0.0011861790
      6.0298000000     -69.9595366253     -0.0011683826
      6.0299000000     -69.9595367413     -0.0011505878
      6.0300000000     -69.9595368554     -0.0011327947
      6.0301000000     -69.9595369678     -0.0011150033
      6.0302000000     -69.9595370784     -0.0010972136
      6.0303000000     -69.9595371873     -0.0010794256
      6.0304000000     -69.9595372943     -0.0010616392
      6.0305000000     -69.9595373996     -0.0010438545
      6.0306000000     -69.9595375031     -0.0010260715
      6.0307000000     -69.9595376048     -0.0010082902
      6.0308000000     -69.9595377047     -0.0009905105
      6.0309000000     -69.9595378029     -0.0009727326
      6.0310000000     -69.9595378993     -0.0009549563
      6.0311000000     -69.9595379939     -0.0009371818
      6.0312000000     -69.9595380867     -0.0009194089
      6.0313000000     -69.9595381778     -0.0009016377
      6.0314000000     -69.9595382670     -0.0008838682
      6.0315000000     -69.9595383545     -0.0008661004
      6.0316000000     -69.9595384403     -0.0008483343
      6.0317000000     -69.9595385242     -0.0008305699
      6.0318000000     -69.9595386064     -0.0008128072
      6.0319000000     -69.9595386868     -0.0007950462
      6.0320000000     -69.9595387654     -0.0007772870
      6.0321000000     -69.9595388422     -0.0007595294
      6.0322000000     -69.9595389173     -0.0007417735
      6.0323000000     -69.9595389906     -0.0007240193
      6.0324000000     -69.9595390621     -0.0007062669
      6.0325000000     -69.9595391318     -0.0006885162
      6.0326000000     -69.9595391998     -0.0006707671
      6.0327000000     -69.9595392660     -0.0006530198
      6.0328000000     -69.9595393304     -0.0006352742
      6.0329000000     -69.9595393930     -0.0006175303
      6.0330000000     -69.9595394539     -0.0005997882
      6.0331000000     -69.9595395130     -0.0005820477
      6.0332000000     -69.9595395703     -0.0005643090
      6.0333000000     -69.9595396259     -0.0005465720
      6.0334000000     -69.9595396796     -0.0005288368
      6.0335000000     -69.9595397316     -0.0005111032
      6.0336000000     -69.9595397819     -0.0004933714
      6.0337000000     -69.9595398303     -0.0004756414
      6.0338000000     -69.9595398770     -0.0004579130
      6.0339000000     -69.9595399219     -0.0004401864
      6.0340000000     -69.9595399650     -0.0004224615
      6.0341000000     -69.9595400064     -0.0004047384
      6.0342000000     -69.9595400460     -0.0003870170
      6.0343000000     -69.9595400838     -0.0003692973
      6.0344000000     -69.9595401198     -0.0003515794
      6.0345000000     -69.9595401541     -0.0003338632
      6.0346000000     -69.9595401866     -0.0003161488
      6.0347000000     -69.9595402173     -0.0002984361
      6.0348000000     -69.9595402463     -0.0002807251
      6.0349000000     -69.9595402735     -0.0002630159
      6.0350000000     -69.9595402989     -0.0002453085
      6.0351000000     -69.9595403225     -0.0002276028
      6.0352000000     -69.9595403444     -0.0002098989
      6.0353000000     -69.9595403645     -0.0001921967
      6.0354000000     -69.9595403829     -0.0001744962
      6.0355000000     -69.9595403994     -0.0001567976
      6.0356000000     -69.9595404142     -0.0001391007
      6.0357000000     -69.9595404272     -0.0001214055
      6.0358000000     -69.9595404385     -0.0001037121
      6.0359000000     -69.9595404480     -0.0000860205
      6.0360000000     -69.9595404557     -0.0000683306
      6.0361000000     -69.9595404616     -0.0000506425
      6.0362000000     -69.9595404658     -0.0000329562
      6.0363000000     -69.9595404682     -0.0000152717
      6.0364000000     -69.9595404689      0.0000024111
      6.0365000000     -69.9595404678      0.0000200921
      6.0366000000     -69.9595404649      0.0000377714
      6.0367000000     -69.9595404602      0.0000554488
      6.0368000000     -69.9595404538      0.0000731245
      6.0369000000     -69.9595404456      0.0000907984
      6.0370000000     -69.9595404356      0.0001084705
      6.0371000000     -69.9595404239      0.0001261409
      6.0372000000     -69.9595404104      0.0001438094
      6.0373000000     -69.9595403951      0.0001614762
      6.0374000000     -69.9595403781      0.0001791412
      6.0375000000     -69.9595403593      0.0001968044
      6.0376000000     -69.9595403387      0.0002144658
      6.0377000000     -69.9595403164      0.0002321254
      6.0378000000     -69.9595402923      0.0002497832
      6.0379000000     -69.9595402664      0.0002674393
      6.0380000000     -69.9595402388      0.0002850935
      6.0381000000     -69.9595402094      0.0003027459
      6.0382000000     -69.9595401783      0.0003203966
      6.0383000000     -69.9595401453      0.0003380454
      6.0384000000     -69.9595401107      0.0003556924
      6.0385000000     -69.9595400742      0.0003733377
      6.0386000000     -69.9595400360      0.0003909811
      6.0387000000     -69.9595399960      0.0004086227
      6.0388000000     -69.9595399543      0.0004262625
      6.0389000000     -69.9595399108      0.0004439005
      6.0390000000     -69.9595398655      0.0004615367
      6.0391000000     -69.9595398185      0.0004791711
      6.0392000000     -69.9595397697      0.0004968037
      6.0393000000     -69.9595397191      0.0005144344
      6.0394000000     -69.9595396668      0.0005320633
      6.0395000000     -69.9595396127      0.0005496904
      6.0396000000     -69.9595395568      0.0005673157
      6.0397000000     -69.9595394992      0.0005849392
      6.0398000000     -69.9595394398      0.0006025608
      6.0399000000     -69.9595393787      0.0006201807
      6.0400000000     -69.9595393158      0.0006377987
      6.0401000000     -69.9595392511      0.0006554148
      6.0402000000     -69.9595391847      0.0006730292
      6.0403000000     -69.9595391165      0.0006906417
      6.0404000000     -69.9595390466      0.0007082523
      6.0405000000     -69.9595389749      0.0007258612
      6.0406000000     -69.9595389014      0.0007434682
      6.0407000000     -69.9595388262      0.0007610733
      6.0408000000     -69.9595387492      0.0007786767
      6.0409000000     -69.9595386705      0.0007962781
      6.0410000000     -69.9595385900      0.0008138778
      6.0411000000     -69.9595385077      0.0008314756
      6.0412000000     -69.9595384237      0.0008490715
      6.0413000000     -69.9595383379      0.0008666657
      6.0414000000     -69.9595382503      0.0008842579
      6.0415000000     -69.9595381610      0.0009018483
      6.0416000000     -69.9595380700      0.0009194369
      6.0417000000     -69.9595379771      0.0009370236
      6.0418000000     -69.9595378825      0.0009546085
      6.0419000000     -69.9595377862      0.0009721915
      6.0420000000     -69.9595376881      0.0009897726
      6.0421000000     -69.9595375883      0.0010073519
      6.0422000000     -69.9595374866      0.0010249293
      6.0423000000     -69.9595373833      0.0010425049
      6.0424000000     -69.9595372781      0.0010600786
      6.0425000000     -69.9595371713      0.0010776504
      6.0426000000     -69.9595370626      0.0010952204
      6.0427000000     -69.9595369522      0.0011127885
      6.0428000000     -69.9595368401      0.0011303547
      6.0429000000     -69.9595367261      0.0011479191
      6.0430000000     -69.9595366105      0.0011654815
      6.0431000000     -69.9595364930      0.0011830422
      6.0432000000     -69.9595363739      0.0012006009
      6.0433000000     -69.9595362529      0.0012181578
      6.0434000000     -69.9595361302      0.0012357127
      6.0435000000     -69.9595360058      0.0012532658
      6.0436000000     -69.9595358796      0.0012708171
      6.0437000000     -69.9595357516      0.0012883664
      6.0438000000     -69.9595356219      0.0013059139
      6.0439000000     -69.9595354904      0.0013234594
      6.0440000000     -69.9595353572      0.0013410031
      6.0441000000     -69.9595352222      0.0013585449
      6.0442000000     -69.9595350855      0.0013760848
      6.0443000000     -69.9595349470      0.0013936228
      6.0444000000     -69.9595348068      0.0014111589
      6.0445000000     -69.9595346648      0.0014286931
      6.0446000000     -69.9595345210      0.0014462255
      6.0447000000     -69.9595343755      0.0014637559
      6.0448000000     -69.9595342283      0.0014812844
      6.0449000000     -69.9595340793      0.0014988110
      6.0450000000     -69.9595339285      0.0015163357
      6.0451000000     -69.9595337760      0.0015338586
      6.0452000000     -69.9595336218      0.0015513795
      6.0453000000     -69.9595334657      0.0015688985
      6.0454000000     -69.9595333080      0.0015864156
      6.0455000000     -69.9595331485      0.0016039307
      6.0456000000     -69.9595329872      0.0016214440
      6.0457000000     -69.9595328242      0.0016389554
      6.0458000000     -69.9595326594      0.0016564648
      6.0459000000     -69.9595324929      0.0016739723
      6.0460000000     -69.9595323246      0.0016914779
      6.0461000000     -69.9595321546      0.0017089816
      6.0462000000     -69.9595319828      0.0017264834
      6.0463000000     -69.9595318093      0.0017439832
      6.0464000000     -69.9595316340      0.0017614811
      6.0465000000     -69.9595314570      0.0017789771
      6.0466000000     -69.9595312782      0.0017964712
      6.0467000000     -69.9595310977      0.0018139633
      6.0468000000     -69.9595309154      0.0018314535
      6.0469000000     -69.9595307314      0.0018489418
      6.0470000000     -69.9595305456      0.0018664282
      6.0471000000     -69.9595303581      0.0018839126
      6.0472000000     -69.9595301688      0.0019013950
      6.0473000000     -69.9595299778      0.0019188755
      6.0474000000     -69.9595297851      0.0019363541
      6.0475000000     -69.9595295906      0.0019538308
      6.0476000000     -69.9595293943      0.0019713055
      6.0477000000     -69.9595291963      0.0019887783
      6.0478000000     -69.9595289966      0.0020062491
      6.0479000000     -69.9595287951      0.0020237179
      6.0480000000     -69.9595285918      0.0020411849
      6.0481000000     -69.9595283868      0.0020586498
      6.0482000000     -69.9595281801      0.0020761128
      6.0483000000     -69.9595279716      0.0020935739
      6.0484000000     -69.9595277614      0.0021110330
      6.0485000000     -69.9595275494      0.0021284902
      6.0486000000     -69.9595273357      0.0021459454
      6.0487000000     -69.9595271202      0.0021633986
      6.0488000000     -69.9595269030      0.0021808499
      6.0489000000     -69.9595266840      0.0021982992
      6.0490000000     -69.9595264633      0.0022157465
      6.0491000000     -69.9595262409      0.0022331919
      6.0492000000     -69.9595260167      0.0022506353
      6.0493000000     -69.9595257908      0.0022680767
      6.0494000000     -69.9595255631      0.0022855162
      6.0495000000     -69.9595253337      0.0023029537
      6.0496000000     -69.9595251025      0.0023203893
      6.0497000000     -69.9595248696      0.0023378228
      6.0498000000     -69.9595246349      0.0023552544
      6.0499000000     -69.9595243985      0.0023726840
      6.0500000000     -69.9595241604      0.0023901116
      6.0501000000     -69.9595239205      0.0024075372
      6.0502000000     -69.9595236789      0.0024249609
      6.0503000000     -69.9595234355      0.0024423826
      6.0504000000     -69.9595231904      0.0024598022
      6.0505000000     -69.9595229435      0.0024772199
      6.0506000000     -69.9595226950      0.0024946357
      6.0507000000     -69.9595224446      0.0025120494
      6.0508000000     -69.9595221925      0.0025294611
      6.0509000000     -69.9595219387      0.0025468708
      6.0510000000     -69.9595216832      0.0025642786
      6.0511000000     -69.9595214259      0.0025816843
      6.0512000000     -69.9595211668      0.0025990881
      6.0513000000     -69.9595209061      0.0026164898
      6.0514000000     -69.9595206435      0.0026338896
      6.0515000000     -69.9595203793      0.0026512873
      6.0516000000     -69.9595201133      0.0026686830
      6.0517000000     -69.9595198455      0.0026860768
      6.0518000000     -69.9595195761      0.0027034685
      6.0519000000     -69.9595193048      0.0027208582
      6.0520000000     -69.9595190319      0.0027382459
      6.0521000000     -69.9595187572      0.0027556316
      6.0522000000     -69.9595184808      0.0027730153
      6.0523000000     -69.9595182026      0.0027903970
      6.0524000000     -69.9595179227      0.0028077766
      6.0525000000     -69.9595176410      0.0028251542
      6.0526000000     -69.9595173577      0.0028425299
      6.0527000000     -69.9595170725      0.0028599034
      6.0528000000     -69.9595167857      0.0028772750
      6.0529000000     -69.9595164971      0.0028946446
      6.0530000000     -69.9595162067      0.0029120121
      6.0531000000     -69.9595159147      0.0029293776
      6.0532000000     -69.9595156209      0.0029467410
      6.0533000000     -69.9595153253      0.0029641025
      6.0534000000     -69.9595150280      0.0029814619
      6.0535000000     -69.9595147290      0.0029988192
      6.0536000000     -69.9595144283      0.0030161746
      6.0537000000     -69.9595141258      0.0030335279
      6.0538000000     -69.9595138216      0.0030508791
      6.0539000000     -69.9595135156      0.0030682284
      6.0540000000     -69.9595132079      0.0030855755
      6.0541000000     -69.9595128985      0.0031029207
      6.0542000000     -69.9595125874      0.0031202638
      6.0543000000     -69.9595122745      0.0031376048
      6.0544000000     -69.9595119598      0.0031549438
      6.0545000000     -69.9595116435      0.0031722808
      6.0546000000     -69.9595113254      0.0031896157
      6.0547000000     -69.9595110055      0.0032069485
      6.0548000000     -69.9595106840      0.0032242793
      6.0549000000     -69.9595103607      0.0032416081
      6.0550000000     -69.9595100357      0.0032589348
      6.0551000000     -69.9595097089      0.0032762594
      6.0552000000     -69.9595093804      0.0032935820
      6.0553000000     -69.9595090502      0.0033109025
      6.0554000000     -69.9595087182      0.0033282209
      6.0555000000     -69.9595083845      0.0033455373
      6.0556000000     -69.9595080491      0.0033628516
      6.0557000000     -69.9595077120      0.0033801639
      6.0558000000     -69.9595073731      0.0033974741
      6.0559000000     -69.9595070325      0.0034147822
      6.0560000000     -69.9595066901      0.0034320882
      6.0561000000     -69.9595063461      0.0034493922
      6.0562000000     -69.9595060003      0.0034666941
      6.0563000000     -69.9595056527      0.0034839939
      6.0564000000     -69.9595053035      0.0035012916
      6.0565000000     -69.9595049525      0.0035185873
      6.0566000000     -69.9595045997      0.0035358809
      6.0567000000     -69.9595042453      0.0035531724
      6.0568000000     -69.9595038891      0.0035704618
      6.0569000000     -69.9595035312      0.0035877491
      6.0570000000     -69.9595031716      0.0036050343
      6.0571000000     -69.9595028102      0.0036223175
      6.0572000000     -69.9595024471      0.0036395986
      6.0573000000     -69.9595020823      0.0036568775
      6.0574000000     -69.9595017157      0.0036741544
      6.0575000000     -69.9595013474      0.0036914292
      6.0576000000     -69.9595009774      0.0037087019
      6.0577000000     -69.9595006057      0.0037259725
      6.0578000000     -69.9595002322      0.0037432410
      6.0579000000     -69.9594998570      0.0037605073
      6.0580000000     -69.9594994801      0.0037777716
      6.0581000000     -69.9594991015      0.0037950338
      6.0582000000     -69.9594987211      0.0038122939
      6.0583000000     -69.9594983390      0.0038295519
      6.0584000000     -69.9594979552      0.0038468077
      6.0585000000     -69.9594975697      0.0038640615
      6.0586000000     -69.9594971824      0.0038813131
      6.0587000000     -69.9594967934      0.0038985626
      6.0588000000     -69.9594964027      0.0039158101
      6.0589000000     -69.9594960102      0.0039330554
      6.0590000000     -69.9594956161      0.0039502985
      6.0591000000     -69.9594952202      0.0039675396
      6.0592000000     -69.9594948226      0.0039847785
      6.0593000000     -69.9594944232      0.0040020154
      6.0594000000     -69.9594940222      0.0040192500
      6.0595000000     -69.9594936194      0.0040364826
      6.0596000000     -69.9594932149      0.0040537131
      6.0597000000     -69.9594928086      0.0040709414
      6.0598000000     -69.9594924007      0.0040881676
      6.0599000000     -69.9594919910      0.0041053916
      6.0600000000     -69.9594915796      0.0041226135
      6.0601000000     -69.9594911665      0.0041398333
      6.0602000000     -69.9594907516      0.0041570510
      6.0603000000     -69.9594903351      0.0041742665
      6.0604000000     -69.9594899168      0.0041914798
      6.0605000000     -69.9594894968      0.0042086911
      6.0606000000     -69.9594890751      0.0042259002
      6.0607000000     -69.9594886516      0.0042431071
      6.0608000000     -69.9594882264      0.0042603119
      6.0609000000     -69.9594877995      0.0042775146
      6.0610000000     -69.9594873709      0.0042947151
      6.0611000000     -69.9594869406      0.0043119134
      6.0612000000     -69.9594865085      0.0043291096
      6.0613000000     -69.9594860748      0.0043463037
      6.0614000000     -69.9594856393      0.0043634956
      6.0615000000     -69.9594852021      0.0043806853
      6.0616000000     -69.9594847631      0.0043978729
      6.0617000000     -69.9594843225      0.0044150583
      6.0618000000     -69.9594838801      0.0044322416
      6.0619000000     -69.9594834361      0.0044494227
      6.0620000000     -69.9594829903      0.0044666016
      6.0621000000     -69.9594825427      0.0044837784
      6.0622000000     -69.9594820935      0.0045009530
      6.0623000000     -69.9594816425      0.0045181254
      6.0624000000     -69.9594811899      0.0045352957
      6.0625000000     -69.9594807355      0.0045524638
      6.0626000000     -69.9594802794      0.0045696297
      6.0627000000     -69.9594798216      0.0045867934
      6.0628000000     -69.9594793620      0.0046039550
      6.0629000000     -69.9594789008      0.0046211144
      6.0630000000     -69.9594784378      0.0046382716
      6.0631000000     -69.9594779731      0.0046554267
      6.0632000000     -69.9594775067      0.0046725795
      6.0633000000     -69.9594770386      0.0046897302
      6.0634000000     -69.9594765688      0.0047068787
      6.0635000000     -69.9594760972      0.0047240249
      6.0636000000     -69.9594756240      0.0047411691
      6.0637000000     -69.9594751490      0.0047583110
      6.0638000000     -69.9594746723      0.0047754507
      6.0639000000     -69.9594741939      0.0047925882
      6.0640000000     -69.9594737138      0.0048097236
      6.0641000000     -69.9594732320      0.0048268567
      6.0642000000     -69.9594727484      0.0048439877
      6.0643000000     -69.9594722632      0.0048611164
      6.0644000000     -69.9594717762      0.0048782429
      6.0645000000     -69.9594712875      0.0048953673
      6.0646000000     -69.9594707971      0.0049124894
      6.0647000000     -69.9594703050      0.0049296094
      6.0648000000     -69.9594698112      0.0049467271
      6.0649000000     -69.9594693157      0.0049638426
      6.0650000000     -69.9594688184      0.0049809559
      6.0651000000     -69.9594683195      0.0049980670
      6.0652000000     -69.9594678188      0.0050151759
      6.0653000000     -69.9594673164      0.0050322826
      6.0654000000     -69.9594668124      0.0050493870
      6.0655000000     -69.9594663066      0.0050664893
      6.0656000000     -69.9594657991      0.0050835893
      6.0657000000     -69.9594652898      0.0051006871
      6.0658000000     -69.9594647789      0.0051177826
      6.0659000000     -69.9594642663      0.0051348760
      6.0660000000     -69.9594637519      0.0051519671
      6.0661000000     -69.9594632359      0.0051690560
      6.0662000000     -69.9594627181      0.0051861427
      6.0663000000     -69.9594621987      0.0052032271
      6.0664000000     -69.9594616775      0.0052203093
      6.0665000000     -69.9594611546      0.0052373893
      6.0666000000     -69.9594606300      0.0052544670
      6.0667000000     -69.9594601037      0.0052715426
      6.0668000000     -69.9594595757      0.0052886158
      6.0669000000     -69.9594590460      0.0053056868
      6.0670000000     -69.9594585146      0.0053227556
      6.0671000000     -69.9594579814      0.0053398222
      6.0672000000     -69.9594574466      0.0053568865
      6.0673000000     -69.9594569101      0.0053739485
      6.0674000000     -69.9594563718      0.0053910083
      6.0675000000     -69.9594558319      0.0054080659
      6.0676000000     -69.9594552902      0.0054251212
      6.0677000000     -69.9594547468      0.0054421743
      6.0678000000     -69.9594542018      0.0054592251
      6.0679000000     -69.9594536550      0.0054762736
      6.0680000000     -69.9594531065      0.0054933199
      6.0681000000     -69.9594525563      0.0055103640
      6.0682000000     -69.9594520044      0.0055274057
      6.0683000000     -69.9594514508      0.0055444453
      6.0684000000     -69.9594508955      0.0055614825
      6.0685000000     -69.9594503385      0.0055785175
      6.0686000000     -69.9594497798      0.0055955502
      6.0687000000     -69.9594492194      0.0056125807
      6.0688000000     -69.9594486573      0.0056296089
      6.0689000000     -69.9594480935      0.0056466348
      6.0690000000     -69.9594475280      0.0056636585
      6.0691000000     -69.9594469608      0.0056806798
      6.0692000000     -69.9594463919      0.0056976989
      6.0693000000     -69.9594458212      0.0057147158
      6.0694000000     -69.9594452489      0.0057317303
      6.0695000000     -69.9594446749      0.0057487426
      6.0696000000     -69.9594440992      0.0057657526
      6.0697000000     -69.9594435217      0.0057827603
      6.0698000000     -69.9594429426      0.0057997657
      6.0699000000     -69.9594423618      0.0058167688
      6.0700000000     -69.9594417793      0.0058337697
      6.0701000000     -69.9594411950      0.0058507683
      6.0702000000     -69.9594406091      0.0058677645
      6.0703000000     -69.9594400215      0.0058847585
      6.0704000000     -69.9594394322      0.0059017502
      6.0705000000     -69.9594388411      0.0059187396
      6.0706000000     -69.9594382484      0.0059357267
      6.0707000000     -69.9594376540      0.0059527115
      6.0708000000     -69.9594370579      0.0059696940
      6.0709000000     -69.9594364600      0.0059866742
      6.0710000000     -69.9594358605      0.0060036521
      6.0711000000     -69.9594352593      0.0060206277
      6.0712000000     -69.9594346564      0.0060376010
      6.0713000000     -69.9594340518      0.0060545719
      6.0714000000     -69.9594334455      0.0060715406
      6.0715000000     -69.9594328375      0.0060885070
      6.0716000000     -69.9594322278      0.0061054710
      6.0717000000     -69.9594316164      0.0061224328
      6.0718000000     -69.9594310033      0.0061393922
      6.0719000000     -69.9594303885      0.0061563493
      6.0720000000     -69.9594297720      0.0061733041
      6.0721000000     -69.9594291539      0.0061902566
      6.0722000000     -69.9594285340      0.0062072067
      6.0723000000     -69.9594279124      0.0062241545
      6.0724000000     -69.9594272892      0.0062411000
      6.0725000000     -69.9594266642      0.0062580432
      6.0726000000     -69.9594260375      0.0062749841
      6.0727000000     -69.9594254092      0.0062919226
      6.0728000000     -69.9594247792      0.0063088588
      6.0729000000     -69.9594241474      0.0063257926
      6.0730000000     -69.9594235140      0.0063427242
      6.0731000000     -69.9594228789      0.0063596534
      6.0732000000     -69.9594222421      0.0063765802
      6.0733000000     -69.9594216036      0.0063935047
      6.0734000000     -69.9594209634      0.0064104269
      6.0735000000     -69.9594203215      0.0064273468
      6.0736000000     -69.9594196779      0.0064442643
      6.0737000000     -69.9594190326      0.0064611794
      6.0738000000     -69.9594183857      0.0064780922
      6.0739000000     -69.9594177370      0.0064950027
      6.0740000000     -69.9594170867      0.0065119108
      6.0741000000     -69.9594164346      0.0065288165
      6.0742000000     -69.9594157809      0.0065457200
      6.0743000000     -69.9594151255      0.0065626210
      6.0744000000     -69.9594144684      0.0065795197
      6.0745000000     -69.9594138096      0.0065964161
      6.0746000000     -69.9594131491      0.0066133100
      6.0747000000     -69.9594124869      0.0066302017
      6.0748000000     -69.9594118231      0.0066470909
      6.0749000000     -69.9594111575      0.0066639778
      6.0750000000     -69.9594104903      0.0066808624
      6.0751000000     -69.9594098213      0.0066977446
      6.0752000000     -69.9594091507      0.0067146244
      6.0753000000     -69.9594084784      0.0067315018
      6.0754000000     -69.9594078044      0.0067483769
      6.0755000000     -69.9594071287      0.0067652496
      6.0756000000     -69.9594064514      0.0067821199
      6.0757000000     -69.9594057723      0.0067989878
      6.0758000000     -69.9594050916      0.0068158534
      6.0759000000     -69.9594044091      0.0068327166
      6.0760000000     -69.9594037250      0.0068495774
      6.0761000000     -69.9594030392      0.0068664359
      6.0762000000     -69.9594023517      0.0068832919
      6.0763000000     -69.9594016626      0.0069001456
      6.0764000000     -69.9594009717      0.0069169969
      6.0765000000     -69.9594002792      0.0069338458
      6.0766000000     -69.9593995849      0.0069506923
      6.0767000000     -69.9593988890      0.0069675364
      6.0768000000     -69.9593981914      0.0069843781
      6.0769000000     -69.9593974921      0.0070012174
      6.0770000000     -69.9593967912      0.0070180544
      6.0771000000     -69.9593960885      0.0070348889
      6.0772000000     -69.9593953842      0.0070517211
      6.0773000000     -69.9593946782      0.0070685508
      6.0774000000     -69.9593939705      0.0070853782
      6.0775000000     -69.9593932611      0.0071022031
      6.0776000000     -69.9593925501      0.0071190256
      6.0777000000     -69.9593918373      0.0071358458
      6.0778000000     -69.9593911229      0.0071526635
      6.0779000000     -69.9593904068      0.0071694788
      6.0780000000     -69.9593896890      0.0071862917
      6.0781000000     -69.9593889695      0.0072031022
      6.0782000000     -69.9593882484      0.0072199103
      6.0783000000     -69.9593875255      0.0072367159
      6.0784000000     -69.9593868010      0.0072535192
      6.0785000000     -69.9593860748      0.0072703200
      6.0786000000     -69.9593853470      0.0072871184
      6.0787000000     -69.9593846174      0.0073039144
      6.0788000000     -69.9593838862      0.0073207080
      6.0789000000     -69.9593831533      0.0073374991
      6.0790000000     -69.9593824187      0.0073542878
      6.0791000000     -69.9593816824      0.0073710741
      6.0792000000     -69.9593809445      0.0073878580
      6.0793000000     -69.9593802048      0.0074046394
      6.0794000000     -69.9593794635      0.0074214184
      6.0795000000     -69.9593787206      0.0074381950
      6.0796000000     -69.9593779759      0.0074549691
      6.0797000000     -69.9593772296      0.0074717408
      6.0798000000     -69.9593764816      0.0074885100
      6.0799000000     -69.9593757319      0.0075052769
      6.0800000000     -69.9593749805      0.0075220412
      6.0801000000     -69.9593742275      0.0075388032
      6.0802000000     -69.9593734727      0.0075555626
      6.0803000000     -69.9593727163      0.0075723197
      6.0804000000     -69.9593719583      0.0075890743
      6.0805000000     -69.9593711985      0.0076058264
      6.0806000000     -69.9593704371      0.0076225761
      6.0807000000     -69.9593696740      0.0076393234
      6.0808000000     -69.9593689092      0.0076560681
      6.0809000000     -69.9593681428      0.0076728105
      6.0810000000     -69.9593673747      0.0076895504
      6.0811000000     -69.9593666049      0.0077062878
      6.0812000000     -69.9593658334      0.0077230227
      6.0813000000     -69.9593650603      0.0077397552
      6.0814000000     -69.9593642855      0.0077564853
      6.0815000000     -69.9593635090      0.0077732128
      6.0816000000     -69.9593627308      0.0077899379
      6.0817000000     -69.9593619510      0.0078066606
      6.0818000000     -69.9593611695      0.0078233807
      6.0819000000     -69.9593603863      0.0078400984
      6.0820000000     -69.9593596015      0.0078568137
      6.0821000000     -69.9593588150      0.0078735264
      6.0822000000     -69.9593580268      0.0078902367
      6.0823000000     -69.9593572369      0.0079069445
      6.0824000000     -69.9593564454      0.0079236498
      6.0825000000     -69.9593556522      0.0079403526
      6.0826000000     -69.9593548573      0.0079570530
      6.0827000000     -69.9593540608      0.0079737509
      6.0828000000     -69.9593532626      0.0079904463
      6.0829000000     -69.9593524627      0.0080071392
      6.0830000000     -69.9593516611      0.0080238296
      6.0831000000     -69.9593508579      0.0080405175
      6.0832000000     -69.9593500530      0.0080572030
      6.0833000000     -69.9593492465      0.0080738859
      6.0834000000     -69.9593484383      0.0080905664
      6.0835000000     -69.9593476284      0.0081072443
      6.0836000000     -69.9593468168      0.0081239198
      6.0837000000     -69.9593460036      0.0081405928
      6.0838000000     -69.9593451887      0.0081572632
      6.0839000000     -69.9593443721      0.0081739312
      6.0840000000     -69.9593435539      0.0081905966
      6.0841000000     -69.9593427340      0.0082072596
      6.0842000000     -69.9593419124      0.0082239200
      6.0843000000     -69.9593410892      0.0082405780
      6.0844000000     -69.9593402643      0.0082572334
      6.0845000000     -69.9593394378      0.0082738863
      6.0846000000     -69.9593386096      0.0082905367
      6.0847000000     -69.9593377797      0.0083071846
      6.0848000000     -69.9593369481      0.0083238300
      6.0849000000     -69.9593361149      0.0083404729
      6.0850000000     -69.9593352800      0.0083571132
      6.0851000000     -69.9593344435      0.0083737510
      6.0852000000     -69.9593336053      0.0083903863
      6.0853000000     -69.9593327654      0.0084070191
      6.0854000000     -69.9593319239      0.0084236494
      6.0855000000     -69.9593310807      0.0084402771
      6.0856000000     -69.9593302358      0.0084569023
      6.0857000000     -69.9593293893      0.0084735250
      6.0858000000     -69.9593285411      0.0084901451
      6.0859000000     -69.9593276913      0.0085067627
      6.0860000000     -69.9593268398      0.0085233778
      6.0861000000     -69.9593259866      0.0085399903
      6.0862000000     -69.9593251318      0.0085566003
      6.0863000000     -69.9593242753      0.0085732078
      6.0864000000     -69.9593234171      0.0085898127
      6.0865000000     -69.9593225573      0.0086064151
      6.0866000000     -69.9593216958      0.0086230149
      6.0867000000     -69.9593208327      0.0086396122
      6.0868000000     -69.9593199679      0.0086562070
      6.0869000000     -69.9593191015      0.0086727992
      6.0870000000     -69.9593182334      0.0086893888
      6.0871000000     -69.9593173636      0.0087059759
      6.0872000000     -69.9593164922      0.0087225604
      6.0873000000     -69.9593156191      0.0087391424
      6.0874000000     -69.9593147443      0.0087557219
      6.0875000000     -69.9593138679      0.0087722987
      6.0876000000     -69.9593129899      0.0087888731
      6.0877000000     -69.9593121102      0.0088054448
      6.0878000000     -69.9593112288      0.0088220140
      6.0879000000     -69.9593103458      0.0088385807
      6.0880000000     -69.9593094611      0.0088551447
      6.0881000000     -69.9593085747      0.0088717062
      6.0882000000     -69.9593076867      0.0088882652
      6.0883000000     -69.9593067971      0.0089048215
      6.0884000000     -69.9593059058      0.0089213753
      6.0885000000     -69.9593050128      0.0089379265
      6.0886000000     -69.9593041182      0.0089544752
      6.0887000000     -69.9593032219      0.0089710213
      6.0888000000     -69.9593023240      0.0089875648
      6.0889000000     -69.9593014244      0.0090041057
      6.0890000000     -69.9593005232      0.0090206440
      6.0891000000     -69.9592996203      0.0090371798
      6.0892000000     -69.9592987157      0.0090537129
      6.0893000000     -69.9592978095      0.0090702435
      6.0894000000     -69.9592969017      0.0090867715
      6.0895000000     -69.9592959922      0.0091032969
      6.0896000000     -69.9592950810      0.0091198197
      6.0897000000     -69.9592941682      0.0091363400
      6.0898000000     -69.9592932537      0.0091528576
      6.0899000000     -69.9592923376      0.0091693726
      6.0900000000     -69.9592914199      0.0091858851
      6.0901000000     -69.9592905005      0.0092023949
      6.0902000000     -69.9592895794      0.0092189022
      6.0903000000     -69.9592886567      0.0092354068
      6.0904000000     -69.9592877323      0.0092519089
      6.0905000000     -69.9592868063      0.0092684083
      6.0906000000     -69.9592858786      0.0092849051
      6.0907000000     -69.9592849493      0.0093013994
      6.0908000000     -69.9592840183      0.0093178910
      6.0909000000     -69.9592830857      0.0093343800
      6.0910000000     -69.9592821515      0.0093508664
      6.0911000000     -69.9592812156      0.0093673502
      6.0912000000     -69.9592802780      0.0093838314
      6.0913000000     -69.9592793388      0.0094003099
      6.0914000000     -69.9592783979      0.0094167859
      6.0915000000     -69.9592774554      0.0094332592
      6.0916000000     -69.9592765113      0.0094497299
      6.0917000000     -69.9592755655      0.0094661980
      6.0918000000     -69.9592746180      0.0094826634
      6.0919000000     -69.9592736690      0.0094991262
      6.0920000000     -69.9592727182      0.0095155864
      6.0921000000     -69.9592717658      0.0095320440
      6.0922000000     -69.9592708118      0.0095484990
      6.0923000000     -69.9592698561      0.0095649513
      6.0924000000     -69.9592688988      0.0095814010
      6.0925000000     -69.9592679399      0.0095978480
      6.0926000000     -69.9592669793      0.0096142924
      6.0927000000     -69.9592660170      0.0096307342
      6.0928000000     -69.9592650531      0.0096471733
      6.0929000000     -69.9592640876      0.0096636098
      6.0930000000     -69.9592631204      0.0096800436
      6.0931000000     -69.9592621516      0.0096964748
      6.0932000000     -69.9592611811      0.0097129034
      6.0933000000     -69.9592602090      0.0097293293
      6.0934000000     -69.9592592352      0.0097457526
      6.0935000000     -69.9592582598      0.0097621732
      6.0936000000     -69.9592572828      0.0097785911
      6.0937000000     -69.9592563041      0.0097950065
      6.0938000000     -69.9592553238      0.0098114191
      6.0939000000     -69.9592543418      0.0098278291
      6.0940000000     -69.9592533582      0.0098442364
      6.0941000000     -69.9592523730      0.0098606411
      6.0942000000     -69.9592513861      0.0098770431
      6.0943000000     -69.9592503976      0.0098934425
      6.0944000000     -69.9592494074      0.0099098392
      6.0945000000     -69.9592484156      0.0099262332
      6.0946000000     -69.9592474222      0.0099426246
      6.0947000000     -69.9592464271      0.0099590133
      6.0948000000     -69.9592454304      0.0099753993
      6.0949000000     -69.9592444320      0.0099917826
      6.0950000000     -69.9592434320      0.0100081633
      6.0951000000     -69.9592424304      0.0100245413
      6.0952000000     -69.9592414271      0.0100409166
      6.0953000000     -69.9592404222      0.0100572893
      6.0954000000     -69.9592394156      0.0100736592
      6.0955000000     -69.9592384074      0.0100900265
      6.0956000000     -69.9592373976      0.0101063911
      6.0957000000     -69.9592363862      0.0101227530
      6.0958000000     -69.9592353731      0.0101391123
      6.0959000000     -69.9592343583      0.0101554688
      6.0960000000     -69.9592333420      0.0101718227
      6.0961000000     -69.9592323240      0.0101881738
      6.0962000000     -69.9592313043      0.0102045223
      6.0963000000     -69.9592302831      0.0102208681
      6.0964000000     -69.9592292602      0.0102372111
      6.0965000000     -69.9592282356      0.0102535515
      6.0966000000     -69.9592272095      0.0102698892
      6.0967000000     -69.9592261817      0.0102862242
      6.0968000000     -69.9592251522      0.0103025565
      6.0969000000     -69.9592241211      0.0103188861
      6.0970000000     -69.9592230884      0.0103352130
      6.0971000000     -69.9592220541      0.0103515371
      6.0972000000     -69.9592210181      0.0103678586
      6.0973000000     -69.9592199805      0.0103841774
      6.0974000000     -69.9592189413      0.0104004934
      6.0975000000     -69.9592179004      0.0104168067
      6.0976000000     -69.9592168579      0.0104331174
      6.0977000000     -69.9592158138      0.0104494253
      6.0978000000     -69.9592147681      0.0104657304
      6.0979000000     -69.9592137207      0.0104820329
      6.0980000000     -69.9592126716      0.0104983327
      6.0981000000     -69.9592116210      0.0105146297
      6.0982000000     -69.9592105687      0.0105309240
      6.0983000000     -69.9592095148      0.0105472156
      6.0984000000     -69.9592084593      0.0105635044
      6.0985000000     -69.9592074021      0.0105797906
      6.0986000000     -69.9592063433      0.0105960740
      6.0987000000     -69.9592052829      0.0106123546
      6.0988000000     -69.9592042208      0.0106286326
      6.0989000000     -69.9592031572      0.0106449078
      6.0990000000     -69.9592020919      0.0106611802
      6.0991000000     -69.9592010249      0.0106774500
      6.0992000000     -69.9591999564      0.0106937169
      6.0993000000     -69.9591988862      0.0107099812
      6.0994000000     -69.9591978144      0.0107262427
      6.0995000000     -69.9591967409      0.0107425015
      6.0996000000     -69.9591956659      0.0107587575
      6.0997000000     -69.9591945892      0.0107750108
      6.0998000000     -69.9591935109      0.0107912613
      6.0999000000     -69.9591924309      0.0108075091
      6.1000000000     -69.9591913494      0.0108237541
