#
# Benzene molecule in a box
#
WF_OPT DAV
#GEO_OPT QMD
NTYP   2
NATM   12
TYPE   0
GMAX    5.00
GMAXP  15.00
MIX_ALPHA 0.8
WIDTH   0.0010
EDELTA  0.1000D-08
NEG     24
#FMAX    0.5000D-03
CELL   15.00  15.00  15.00  90.00  90.00  90.00
&ATOMIC_SPECIES
 C  12.0107  pot.C_pbe3
 H   1.0079  pot.H_lda3
&END
&ATOMIC_COORDINATES CARTESIAN
-0.000000   2.638974  -0.000000 1 1 1
-0.000000   4.701652  -0.000000 1 1 2
-2.282813   1.320819  -0.000000 1 1 1
-4.066087   2.346544  -0.000000 1 1 2
-2.282815  -1.320820  -0.000000 1 1 1
-4.066083  -2.346542   0.000000 1 1 2
 0.000000  -2.638973   0.000000 1 1 1
 0.000000  -4.701657   0.000000 1 1 2
 2.282815  -1.320820   0.000000 1 1 1
 4.066083  -2.346542   0.000000 1 1 2
 2.282813   1.320819  -0.000000 1 1 1
 4.066087   2.346544  -0.000000 1 1 2
&END

