&SYSTEM
    1
    2    6    6
    6    1
    2    4
  12.00000  12.00000  12.00000   90.0000   90.0000   90.0000
&END
&COORDINATES
      1.260591102880      0.000000191094      0.000000711892
      2.341733874019      1.752207591055      0.000000262195
      2.341734278772     -1.752208971067      0.000000026904
     -1.260566491554      0.000000175704      0.000000653729
     -2.341738367186      1.752215444562      0.000000295181
     -2.341738798279     -1.752216868755     -0.000000066531
&END
&VELOCITIES 
      0.000000000000      0.000000000000      0.000000000000
      0.000000000000      0.000000000000      0.000000000000
      0.000000000000      0.000000000000      0.000000000000
      0.000000000000      0.000000000000      0.000000000000
      0.000000000000      0.000000000000      0.000000000000
      0.000000000000      0.000000000000      0.000000000000
&END
&FORCES     
     -0.002183686686     -0.000000128777     -0.000000046097
     -0.000341428233      0.000459372213      0.000000022779
     -0.000341500179     -0.000459247294      0.000000019701
      0.002191314918     -0.000000120905     -0.000000024024
      0.000341603633      0.000460640203      0.000000013658
      0.000341688600     -0.000460508357      0.000000016493
&END
