&SYSTEM
    1
    2    7    7
   13   17
    6    1
   7.65340   7.65300  30.61360    0.0000    0.0000    0.0000
&END
&COORDINATES
     -0.000003842613     -0.000126659731      3.667602258040
     -0.000001332582      3.826436439067     -0.070905818879
      3.826702699595      0.000319726953     -0.070989602873
      0.000000000000      0.000000000000     -3.826700000000
      3.826700000000      3.826700000000     -3.826700000000
      0.000000000000      3.826700000000     -7.653400000000
      3.826700000000      0.000000000000     -7.653400000000
&END
&VELOCITIES 
      0.000000000000      0.000000000000      0.000000000000
      0.000000000000      0.000000000000      0.000000000000
      0.000000000000      0.000000000000      0.000000000000
      0.000000000000      0.000000000000      0.000000000000
      0.000000000000      0.000000000000      0.000000000000
      0.000000000000      0.000000000000      0.000000000000
      0.000000000000      0.000000000000      0.000000000000
&END
&FORCES     
     -0.000000024797     -0.000003611413     -0.001457202229
      0.000000154541     -0.000005037728     -0.000862136463
     -0.000000108559      0.000006350189     -0.000863656455
      0.000000109318      0.000010175692     -0.002428732662
     -0.000000134004     -0.000008547340      0.004932837807
      0.000000216320     -0.000000831712      0.000341100416
     -0.000000233895      0.000001570550      0.000324930889
&END
