# k-points (distance from the origin) Eigenvalues (eV)
    0.00000000   -8.21396626
    0.03875195   -8.19123229
    0.07750390   -8.12318859
    0.11625584   -8.01036588
    0.15500779   -7.85369756
    0.19375974   -7.65444913
    0.23251169   -7.41434106
    0.27126364   -7.13555141
    0.31001559   -6.82092518
    0.34876753   -6.47391421
    0.38751948   -6.09884259
    0.42627143   -5.70119411
    0.46502338   -5.28777938
    0.50377533   -4.86715102
    0.54252727   -4.44988812
    0.58127922   -4.04868296
    0.62003117   -3.67788115
    0.65878312   -3.35208081
    0.69753507   -3.08367857
    0.73628701   -2.88003059
    0.77503896   -2.74164702
    0.81379091   -2.66214435
    0.85254286   -2.63157272
    0.89129481   -2.63731690
    0.93004676   -2.66711034
    0.96879870   -2.71023902
    1.00755065   -2.75716366
    1.04630260   -2.80083013
    1.08505455   -2.83575446
    1.12380650   -2.85820796
    1.16255844   -2.86593689
    1.18996021   -2.86157089
    1.21736198   -2.84846962
    1.24476374   -2.82662343
    1.27216551   -2.79604770
    1.29956727   -2.75665961
    1.32696904   -2.70846650
    1.35437080   -2.65144219
    1.38177257   -2.58556028
    1.40917433   -2.51609689
    1.43657610   -2.46027669
    1.46397786   -2.41154577
    1.49137963   -2.37441466
    1.51878139   -2.35333015
    1.54618316   -2.35216848
    1.57358492   -2.37372356
    1.60098669   -2.41861500
    1.62838846   -2.48522743
    1.65579022   -2.56999110
    1.68319199   -2.66809888
    1.71059375   -2.77432175
    1.73799552   -2.88363003
    1.76539728   -2.99154404
    1.79279905   -3.09426500
    1.82020081   -3.18867337
    1.84760258   -3.27226631
    1.87500434   -3.34307751
    1.90240611   -3.39960117
    1.92980787   -3.44072892
    1.95720964   -3.46570183
    1.98461140   -3.47398872
    2.01367537   -3.46450496
    2.04273933   -3.43595697
    2.07180329   -3.38886112
    2.10086725   -3.32394444
    2.12993121   -3.24223763
    2.15899517   -3.14508698
    2.18805913   -3.03412858
    2.21712309   -2.91145543
    2.24618705   -2.77940581
    2.27525102   -2.64070588
    2.30431498   -2.49845814
    2.33337894   -2.35606998
    2.36244290   -2.21723953
    2.39150686   -2.08586181
    2.42057082   -1.96590891
    2.44963478   -1.86126901
    2.47869874   -1.77555130
    2.50776270   -1.71176215
    2.53682667   -1.68868222
    2.56589063   -1.65927990
    2.59945080   -1.67970395
    2.63301097   -1.69468005
    2.66657114   -1.70278270
    2.70013131   -1.70320585
    2.73369148   -1.80484938
    2.76725166   -1.95692114
    2.80081183   -2.15558365
    2.83437200   -2.39867800
    2.86793217   -2.68189556
    2.90149234   -2.99952035
    2.93505251   -3.34375708
    2.96861269   -3.70771642
    3.00217286   -4.08424427
    3.03573303   -4.46672490
    3.06929320   -4.84911685
    3.10285337   -5.22618958
    3.13641354   -5.59335317
    3.16997371   -5.94665076
    3.20353389   -6.28263940
    3.23709406   -6.59833881
    3.27065423   -6.89116014
    3.30421440   -7.15885312
    3.33777457   -7.39946543
    3.37133474   -7.61132466
    3.40489492   -7.79297272
    3.43845509   -7.94321863
    3.47201526   -8.06110743
    3.50557543   -8.14586431
    3.53913560   -8.19691386
    3.57269577   -8.21396626
    3.60009754   -8.20259591
    3.62749930   -8.16853178
    3.65490107   -8.11189279
    3.68230283   -8.03296021
    3.70970460   -7.93201628
    3.73710637   -7.80959165
    3.76450813   -7.66622271
    3.79190990   -7.50261062
    3.81931166   -7.31963538
    3.84671343   -7.11833355
    3.87411519   -6.89996313
    3.90151696   -6.66603928
    3.92891872   -6.41838935
    3.95632049   -6.15922384
    3.98372225   -5.89122109
    4.01112402   -5.61762472
    4.03852578   -5.34234132
    4.06592755   -5.06998129
    4.09332931   -4.80596258
    4.12073108   -4.55616235
    4.14813284   -4.32659249
    4.17553461   -4.12263769
    4.20293638   -3.94816572
    4.23033814   -3.80481327
    4.25773991   -3.69166114
    4.28514167   -3.60639738
    4.31254344   -3.54527336
    4.33994520   -3.50465294
    4.36734697   -3.48155826
    4.39474873   -3.47398872
 
    0.00000000   -0.15918179
    0.03875195   -0.16033529
    0.07750390   -0.16340106
    0.11625584   -0.16778703
    0.15500779   -0.17303132
    0.19375974   -0.17745688
    0.23251169   -0.17980602
    0.27126364   -0.17744355
    0.31001559   -0.16930025
    0.34876753   -0.15323808
    0.38751948   -0.12739822
    0.42627143   -0.09002465
    0.46502338   -0.03952114
    0.50377533   -0.16683799
    0.54252727   -0.40861772
    0.58127922   -0.65136880
    0.62003117   -0.89225117
    0.65878312   -1.12853045
    0.69753507   -1.35761530
    0.73628701   -1.57708573
    0.77503896   -1.78476407
    0.81379091   -1.97850242
    0.85254286   -2.15656832
    0.89129481   -2.31734231
    0.93004676   -2.45942591
    0.96879870   -2.58162637
    1.00755065   -2.68294076
    1.04630260   -2.76256561
    1.08505455   -2.81982707
    1.12380650   -2.85438766
    1.16255844   -2.86593689
    1.18996021   -2.86064041
    1.21736198   -2.84488280
    1.24476374   -2.81908251
    1.27216551   -2.78389661
    1.29956727   -2.74033216
    1.32696904   -2.68975646
    1.35437080   -2.63394101
    1.38177257   -2.57513424
    1.40917433   -2.51074505
    1.43657610   -2.42707628
    1.46397786   -2.33428899
    1.49137963   -2.23278564
    1.51878139   -2.12245927
    1.54618316   -2.00310021
    1.57358492   -1.87500288
    1.60098669   -1.73832471
    1.62838846   -1.59288458
    1.65579022   -1.43900916
    1.68319199   -1.27694163
    1.71059375   -1.10701942
    1.73799552   -0.92971481
    1.76539728   -0.95431547
    1.79279905   -1.06368777
    1.82020081   -1.15940254
    1.84760258   -1.24105599
    1.87500434   -1.30831213
    1.90240611   -1.36089972
    1.92980787   -1.39860995
    1.95720964   -1.42129479
    1.98461140   -1.42858139
    2.01367537   -1.43145203
    2.04273933   -1.43911901
    2.07180329   -1.45161477
    2.10086725   -1.46852909
    2.12993121   -1.48930527
    2.15899517   -1.51325624
    2.18805913   -1.53956516
    2.21712309   -1.56738082
    2.24618705   -1.59572736
    2.27525102   -1.62360140
    2.30431498   -1.64997436
    2.33337894   -1.67381230
    2.36244290   -1.69409380
    2.39150686   -1.70982569
    2.42057082   -1.72005653
    2.44963478   -1.72388786
    2.47869874   -1.72048334
    2.50776270   -1.70894050
    2.53682667   -1.67253125
    2.56589063   -1.65927990
    2.59945080   -1.67970395
    2.63301097   -1.69468005
    2.66657114   -1.70278270
    2.70013131   -1.70320585
    2.73369148   -1.69514491
    2.76725166   -1.67807557
    2.80081183   -1.65131005
    2.83437200   -1.61466667
    2.86793217   -1.56814149
    2.90149234   -1.51189899
    2.93505251   -1.44624505
    2.96861269   -1.37183796
    3.00217286   -1.28954675
    3.03573303   -1.20051725
    3.06929320   -1.10607336
    3.10285337   -1.00785192
    3.13641354   -0.90765850
    3.16997371   -0.80753397
    3.20353389   -0.70955075
    3.23709406   -0.61579846
    3.27065423   -0.52823491
    3.30421440   -0.44854560
    3.33777457   -0.37762432
    3.37133474   -0.31711125
    3.40489492   -0.26684759
    3.43845509   -0.22674133
    3.47201526   -0.19667545
    3.50557543   -0.17573287
    3.53913560   -0.16328757
    3.57269577   -0.15918179
    3.60009754   -0.16297937
    3.62749930   -0.17431848
    3.65490107   -0.19299109
    3.68230283   -0.21883477
    3.70970460   -0.25098800
    3.73710637   -0.28992675
    3.76450813   -0.33465713
    3.79190990   -0.38458584
    3.81931166   -0.43906348
    3.84671343   -0.49739663
    3.87411519   -0.55885985
    3.90151696   -0.62302943
    3.92891872   -0.68850189
    3.95632049   -0.75484731
    3.98372225   -0.82132192
    4.01112402   -0.88720041
    4.03852578   -0.95178307
    4.06592755   -1.01440187
    4.09332931   -1.07442559
    4.12073108   -1.13126397
    4.14813284   -1.18437111
    4.17553461   -1.23324811
    4.20293638   -1.27746955
    4.23033814   -1.31658644
    4.25773991   -1.35027487
    4.28514167   -1.37824313
    4.31254344   -1.40024779
    4.33994520   -1.41610049
    4.36734697   -1.42566650
    4.39474873   -1.42858139
 
    0.00000000   -0.15918179
    0.03875195   -0.16033529
    0.07750390   -0.16340106
    0.11625584   -0.16778703
    0.15500779   -0.17303132
    0.19375974   -0.17745688
    0.23251169   -0.17980602
    0.27126364   -0.17744355
    0.31001559   -0.16930025
    0.34876753   -0.15323808
    0.38751948   -0.12739822
    0.42627143   -0.09002465
    0.46502338   -0.03952114
    0.50377533    0.02519638
    0.54252727    0.10586043
    0.58127922    0.20300197
    0.62003117    0.31710990
    0.65878312    0.44828297
    0.69753507    0.59617333
    0.73628701    0.75991607
    0.77503896    0.93724107
    0.81379091    1.12835343
    0.85254286    1.32781826
    0.89129481    1.53167162
    0.93004676    1.73566242
    0.96879870    1.93236706
    1.00755065    2.11384239
    1.04630260    2.27046218
    1.08505455    2.39359648
    1.12380650    2.47115338
    1.16255844    2.49782578
    1.18996021    2.47985139
    1.21736198    2.42673995
    1.24476374    2.34061780
    1.27216551    2.22416992
    1.29956727    2.08366622
    1.32696904    1.92239983
    1.35437080    1.74475022
    1.38177257    1.55482200
    1.40917433    1.35686450
    1.43657610    1.15306063
    1.46397786    0.94745125
    1.49137963    0.74131558
    1.51878139    0.53721115
    1.54618316    0.33748281
    1.57358492    0.14351494
    1.60098669   -0.04371554
    1.62838846   -0.22208093
    1.65579022   -0.39095808
    1.68319199   -0.54940048
    1.71059375   -0.69657752
    1.73799552   -0.83176121
    1.76539728   -0.74570092
    1.79279905   -0.55596438
    1.82020081   -0.36200614
    1.84760258   -0.16621633
    1.87500434    0.02739628
    1.90240611    0.21175766
    1.92980787    0.37402046
    1.95720964    0.49201710
    1.98461140    0.53658583
    2.01367537    0.50735262
    2.04273933    0.42553131
    2.07180329    0.30471683
    2.10086725    0.15931901
    2.12993121    0.00078685
    2.15899517   -0.16284043
    2.18805913   -0.32581795
    2.21712309   -0.48518790
    2.24618705   -0.63819655
    2.27525102   -0.78314119
    2.30431498   -0.91901189
    2.33337894   -1.04478133
    2.36244290   -1.16000583
    2.39150686   -1.26434180
    2.42057082   -1.35760354
    2.44963478   -1.43973739
    2.47869874   -1.51080497
    2.50776270   -1.57063343
    2.53682667   -1.62004231
    2.56589063   -1.65927990
    2.59945080   -1.62389010
    2.63301097   -1.61433640
    2.66657114   -1.63726604
    2.70013131   -1.69919905
    2.73369148   -1.69514491
    2.76725166   -1.67807557
    2.80081183   -1.65131005
    2.83437200   -1.61466667
    2.86793217   -1.56814149
    2.90149234   -1.51189899
    2.93505251   -1.44624505
    2.96861269   -1.37183796
    3.00217286   -1.28954675
    3.03573303   -1.20051725
    3.06929320   -1.10607336
    3.10285337   -1.00785192
    3.13641354   -0.90765850
    3.16997371   -0.80753397
    3.20353389   -0.70955075
    3.23709406   -0.61579846
    3.27065423   -0.52823491
    3.30421440   -0.44854560
    3.33777457   -0.37762432
    3.37133474   -0.31711125
    3.40489492   -0.26684759
    3.43845509   -0.22674133
    3.47201526   -0.19667545
    3.50557543   -0.17573287
    3.53913560   -0.16328757
    3.57269577   -0.15918179
    3.60009754   -0.15977585
    3.62749930   -0.16165999
    3.65490107   -0.16475243
    3.68230283   -0.17031511
    3.70970460   -0.17847322
    3.73710637   -0.19032998
    3.76450813   -0.20655845
    3.79190990   -0.22831832
    3.81931166   -0.25546347
    3.84671343   -0.28858461
    3.87411519   -0.32739647
    3.90151696   -0.37097397
    3.92891872   -0.41768469
    3.95632049   -0.46519999
    3.98372225   -0.51053970
    4.01112402   -0.55014301
    4.03852578   -0.57994300
    4.06592755   -0.59543981
    4.09332931   -0.59212764
    4.12073108   -0.56497144
    4.14813284   -0.51021284
    4.17553461   -0.42551881
    4.20293638   -0.31132600
    4.23033814   -0.17168924
    4.25773991   -0.01488853
    4.28514167    0.14689235
    4.31254344    0.29869922
    4.33994520    0.42408350
    4.36734697    0.50732281
    4.39474873    0.53658583
 
    0.00000000   -0.15918179
    0.03875195   -0.15224617
    0.07750390   -0.13149182
    0.11625584   -0.09713598
    0.15500779   -0.04948806
    0.19375974    0.01100357
    0.23251169    0.08376512
    0.27126364    0.16852243
    0.31001559    0.26361989
    0.34876753    0.36854004
    0.38751948    0.48223898
    0.42627143    0.30294081
    0.46502338    0.07177499
    0.50377533    0.02519638
    0.54252727    0.10586043
    0.58127922    0.20300197
    0.62003117    0.31710990
    0.65878312    0.44828297
    0.69753507    0.59617333
    0.73628701    0.75991607
    0.77503896    0.93724107
    0.81379091    1.12835343
    0.85254286    1.32781826
    0.89129481    1.53167162
    0.93004676    1.73566242
    0.96879870    1.93236706
    1.00755065    2.11384239
    1.04630260    2.27046218
    1.08505455    2.39359648
    1.12380650    2.47115338
    1.16255844    2.49782578
    1.18996021    2.48440854
    1.21736198    2.44446705
    1.24476374    2.37829705
    1.27216551    2.28865879
    1.29956727    2.17749655
    1.32696904    2.04769649
    1.35437080    1.90303936
    1.38177257    1.74805360
    1.40917433    1.58869784
    1.43657610    1.42942500
    1.46397786    1.27757488
    1.49137963    1.13951964
    1.51878139    1.02131119
    1.54618316    0.92999985
    1.57358492    0.86898790
    1.60098669    0.83986574
    1.62838846    0.84184937
    1.65579022    0.87152964
    1.68319199    0.92401187
    1.71059375    0.99366364
    1.73799552    1.07477793
    1.76539728    1.16197368
    1.79279905    1.25038338
    1.82020081    1.33571433
    1.84760258    1.41425302
    1.87500434    1.48285409
    1.90240611    1.53893242
    1.92980787    1.58046337
    1.95720964    1.60598972
    1.98461140    1.61592757
    2.01367537    1.61739226
    2.04273933    1.62378226
    2.07180329    1.63430948
    2.10086725    1.64879111
    2.12993121    1.66697202
    2.15899517    1.68852575
    2.18805913    1.71337030
    2.21712309    1.74040632
    2.24618705    1.76941773
    2.27525102    1.80053741
    2.30431498    1.83129997
    2.33337894    1.86239719
    2.36244290    1.89271460
    2.39150686    1.92143529
    2.42057082    1.94771492
    2.44963478    1.97070794
    2.47869874    1.98960619
    2.50776270    2.00369195
    2.53682667    2.01273320
    2.56589063    2.01567963
    2.59945080    2.01356877
    2.63301097    2.00713097
    2.66657114    1.99731451
    2.70013131    1.98404454
    2.73369148    1.96757337
    2.76725166    1.94757832
    2.80081183    1.92543514
    2.83437200    1.90101558
    2.86793217    1.87439864
    2.90149234    1.84599666
    2.93505251    1.81654854
    2.96861269    1.78649059
    3.00217286    1.75647542
    3.03573303    1.72665604
    3.06929320    1.69900806
    3.10285337    1.67382059
    3.13641354    1.65200431
    3.16997371    1.40451132
    3.20353389    1.16868275
    3.23709406    0.94917298
    3.27065423    0.74687673
    3.30421440    0.56274438
    3.33777457    0.39801395
    3.37133474    0.25283849
    3.40489492    0.12865833
    3.43845509    0.02603243
    3.47201526   -0.05443828
    3.50557543   -0.11271965
    3.53913560   -0.14754882
    3.57269577   -0.15918179
    3.60009754   -0.15249815
    3.62749930   -0.13248781
    3.65490107   -0.09911698
    3.68230283   -0.05290055
    3.70970460    0.00649869
    3.73710637    0.07777773
    3.76450813    0.16093414
    3.79190990    0.25565967
    3.81931166    0.36082955
    3.84671343    0.47593535
    3.87411519    0.60013083
    3.90151696    0.73212223
    3.92891872    0.87151663
    3.95632049    1.01680429
    3.98372225    1.16668659
    4.01112402    1.31974331
    4.03852578    1.43425697
    4.06592755    1.45337090
    4.09332931    1.47476074
    4.12073108    1.49749432
    4.14813284    1.52046550
    4.17553461    1.54264924
    4.20293638    1.56281190
    4.23033814    1.58059418
    4.25773991    1.59498101
    4.28514167    1.60537278
    4.31254344    1.61163825
    4.33994520    1.61431152
    4.36734697    1.61474808
    4.39474873    1.61592757
 
    0.00000000    1.71619239
    0.03875195    1.70316343
    0.07750390    1.66420364
    0.11625584    1.59996622
    0.15500779    1.51053782
    0.19375974    1.39714268
    0.23251169    1.26089800
    0.27126364    1.10468965
    0.31001559    0.92780904
    0.34876753    0.73361659
    0.38751948    0.52446899
    0.42627143    0.60356869
    0.46502338    0.73128503
    0.50377533    0.86405750
    0.54252727    1.00048067
    0.58127922    1.13908743
    0.62003117    1.27836401
    0.65878312    1.41676664
    0.69753507    1.55273968
    0.73628701    1.68473489
    0.77503896    1.81029968
    0.81379091    1.92994724
    0.85254286    2.04231545
    0.89129481    2.14344650
    0.93004676    2.23390458
    0.96879870    2.31237666
    1.00755065    2.37791999
    1.04630260    2.42974477
    1.08505455    2.46758365
    1.12380650    2.49024232
    1.16255844    2.49782578
    1.18996021    2.49863012
    1.21736198    2.50103468
    1.24476374    2.50501415
    1.27216551    2.51023362
    1.29956727    2.51721235
    1.32696904    2.52559301
    1.35437080    2.53528687
    1.38177257    2.54619109
    1.40917433    2.55692726
    1.43657610    2.56987195
    1.46397786    2.58382125
    1.49137963    2.59826681
    1.51878139    2.61320364
    1.54618316    2.62853080
    1.57358492    2.64405155
    1.60098669    2.65928065
    1.62838846    2.67466576
    1.65579022    2.68973529
    1.68319199    2.70432235
    1.71059375    2.71826478
    1.73799552    2.73140696
    1.76539728    2.74360168
    1.79279905    2.75471187
    1.82020081    2.76461229
    1.84760258    2.77319101
    1.87500434    2.59889267
    1.90240611    2.36166632
    1.92980787    2.16155914
    1.95720964    2.02081931
    1.98461140    1.96909156
    2.01367537    1.96901526
    2.04273933    1.96985016
    2.07180329    1.97122380
    2.10086725    1.97310274
    2.12993121    1.97544127
    2.15899517    1.97818240
    2.18805913    1.98131725
    2.21712309    1.98465281
    2.24618705    1.98816724
    2.27525102    1.99177446
    2.30431498    1.99538601
    2.33337894    1.99891312
    2.36244290    2.00226900
    2.39150686    2.00537091
    2.42057082    2.00814229
    2.44963478    2.01051466
    2.47869874    2.01242937
    2.50776270    2.01437781
    2.53682667    2.01539424
    2.56589063    2.01567963
    2.59945080    2.01356877
    2.63301097    2.00713097
    2.66657114    1.99731451
    2.70013131    1.98404454
    2.73369148    1.96757337
    2.76725166    1.94757832
    2.80081183    1.92543514
    2.83437200    1.90101558
    2.86793217    1.87439864
    2.90149234    1.84599666
    2.93505251    1.81654854
    2.96861269    1.78649059
    3.00217286    1.75647542
    3.03573303    1.72665604
    3.06929320    1.69900806
    3.10285337    1.67382059
    3.13641354    1.65200431
    3.16997371    1.63439195
    3.20353389    1.62178040
    3.23709406    1.61476734
    3.27065423    1.61366211
    3.30421440    1.61837580
    3.33777457    1.62888712
    3.37133474    1.64249690
    3.40489492    1.65924568
    3.43845509    1.67673113
    3.47201526    1.69213532
    3.50557543    1.70472613
    3.53913560    1.71324130
    3.57269577    1.71619239
    3.60009754    1.71195738
    3.62749930    1.69946881
    3.65490107    1.67971514
    3.68230283    1.65303045
    3.70970460    1.62161367
    3.73710637    1.58640878
    3.76450813    1.54978781
    3.79190990    1.51413092
    3.81931166    1.48088040
    3.84671343    1.45214144
    3.87411519    1.42934071
    3.90151696    1.41338379
    3.92891872    1.40469327
    3.95632049    1.40312005
    3.98372225    1.40811739
    4.01112402    1.41883944
    4.03852578    1.47443209
    4.06592755    1.62909065
    4.09332931    1.78156131
    4.12073108    1.87575002
    4.14813284    1.89045902
    4.17553461    1.90468330
    4.20293638    1.91806497
    4.23033814    1.93044490
    4.25773991    1.94157635
    4.28514167    1.95099948
    4.31254344    1.95858606
    4.33994520    1.96414744
    4.36734697    1.96754273
    4.39474873    1.96909156
 
    0.00000000    1.71619239
    0.03875195    1.72127163
    0.07750390    1.73746063
    0.11625584    1.76211271
    0.15500779    1.79528805
    0.19375974    1.83604583
    0.23251169    1.88243549
    0.27126364    1.93508041
    0.31001559    1.99118181
    0.34876753    2.05046537
    0.38751948    2.11333292
    0.42627143    2.17997077
    0.46502338    2.25360785
    0.50377533    2.33909346
    0.54252727    2.44446667
    0.58127922    2.58036547
    0.62003117    2.76020846
    0.65878312    2.99864301
    0.69753507    3.30895243
    0.73628701    3.69995562
    0.77503896    4.17377911
    0.81379091    4.72626035
    0.85254286    5.34649979
    0.89129481    6.02084103
    0.93004676    6.73327328
    0.96879870    7.46301325
    1.00755065    8.18599641
    1.04630260    8.86463463
    1.08505455    9.44460458
    1.12380650    9.84952325
    1.16255844    9.99739774
    1.18996021    9.96351889
    1.21736198    9.86451707
    1.24476374    9.70744349
    1.27216551    9.50173135
    1.29956727    9.25733630
    1.32696904    8.98320850
    1.35437080    8.68685183
    1.38177257    8.37424811
    1.40917433    8.05027883
    1.43657610    7.71807151
    1.46397786    7.38141186
    1.49137963    7.04085585
    1.51878139    6.69866501
    1.54618316    6.35702547
    1.57358492    6.01601991
    1.60098669    5.67661810
    1.62838846    5.34048149
    1.65579022    5.00801568
    1.68319199    4.67998897
    1.71059375    4.35719085
    1.73799552    4.04048513
    1.76539728    3.73088494
    1.79279905    3.42967170
    1.82020081    3.13860041
    1.84760258    2.86027756
    1.87500434    2.78035082
    1.90240611    2.78601043
    1.92980787    2.79010553
    1.95720964    2.79258956
    1.98461140    2.79461380
    2.01367537    2.83393176
    2.04273933    2.94963133
    2.07180329    3.12688894
    2.10086725    3.35126265
    2.12993121    3.61125684
    2.15899517    3.89876957
    2.18805913    4.20950549
    2.21712309    4.53730184
    2.24618705    4.88084383
    2.27525102    5.23838247
    2.30431498    5.60788265
    2.33337894    5.98945694
    2.36244290    6.38179628
    2.39150686    6.78426121
    2.42057082    7.19632281
    2.44963478    7.61753213
    2.47869874    8.04749859
    2.50776270    8.48682857
    2.53682667    8.93360712
    2.56589063    9.38778781
    2.59945080    8.74051774
    2.63301097    8.07113538
    2.66657114    7.41873093
    2.70013131    6.79731931
    2.73369148    6.21323704
    2.76725166    5.66827560
    2.80081183    5.16379087
    2.83437200    4.69839940
    2.86793217    4.26695155
    2.90149234    3.86449220
    2.93505251    3.49113347
    2.96861269    3.14106561
    3.00217286    2.81108592
    3.03573303    2.49874909
    3.06929320    2.20245424
    3.10285337    1.92128480
    3.13641354    1.65589588
    3.16997371    1.63439195
    3.20353389    1.62178040
    3.23709406    1.61476734
    3.27065423    1.61366211
    3.30421440    1.61837580
    3.33777457    1.62888712
    3.37133474    1.64249690
    3.40489492    1.65924568
    3.43845509    1.67673113
    3.47201526    1.69213532
    3.50557543    1.70472613
    3.53913560    1.71324130
    3.57269577    1.71619239
    3.60009754    1.71647335
    3.62749930    1.71732550
    3.65490107    1.71957858
    3.68230283    1.72165164
    3.70970460    1.72566576
    3.73710637    1.72919341
    3.76450813    1.73355039
    3.79190990    1.73860129
    3.81931166    1.74482479
    3.84671343    1.75207425
    3.87411519    1.76038873
    3.90151696    1.76900551
    3.92891872    1.77947298
    3.95632049    1.79097553
    3.98372225    1.80343923
    4.01112402    1.81675463
    4.03852578    1.83077611
    4.06592755    1.84599375
    4.09332931    1.86083946
    4.12073108    1.93070334
    4.14813284    2.07419910
    4.17553461    2.21002811
    4.20293638    2.33487202
    4.23033814    2.44919518
    4.25773991    2.55020146
    4.28514167    2.63535718
    4.31254344    2.70342242
    4.33994520    2.75306275
    4.36734697    2.78327418
    4.39474873    2.79461380
 
    0.00000000   24.90277741
    0.03875195   24.72503560
    0.07750390   24.27155004
    0.11625584   23.67836164
    0.15500779   23.03541542
    0.19375974   22.39004371
    0.23251169   21.76557089
    0.27126364   21.17494458
    0.31001559   20.62233577
    0.34876753   20.11126497
    0.38751948   19.64249872
    0.42627143   19.21556789
    0.46502338   18.82918530
    0.50377533   18.48144149
    0.54252727   18.10581762
    0.58127922   17.36119902
    0.62003117   16.62864974
    0.65878312   15.91137138
    0.69753507   15.21243474
    0.73628701   14.53498273
    0.77503896   13.88162416
    0.81379091   13.25792102
    0.85254286   12.66722914
    0.89129481   12.11464749
    0.93004676   11.60729673
    0.96879870   11.15234016
    1.00755065   10.75883876
    1.04630260   10.43676145
    1.08505455   10.19657311
    1.12380650   10.04782125
    1.16255844    9.99739774
    1.18996021    9.98113423
    1.21736198    9.93393927
    1.24476374    9.86021087
    1.27216551    9.76617939
    1.29956727    9.65872242
    1.32696904    9.54440243
    1.35437080    9.42883094
    1.38177257    9.31638943
    1.40917433    9.21049738
    1.43657610    9.11259827
    1.46397786    9.02437374
    1.49137963    8.94562666
    1.51878139    8.87646583
    1.54618316    8.81690073
    1.57358492    8.76569100
    1.60098669    8.72230846
    1.62838846    8.68603809
    1.65579022    8.65604196
    1.68319199    8.63154530
    1.71059375    8.61181408
    1.73799552    8.59616382
    1.76539728    8.58396394
    1.79279905    8.57463962
    1.82020081    8.56767294
    1.84760258    8.56260424
    1.87500434    8.55903441
    1.90240611    8.55662810
    1.92980787    8.55511781
    1.95720964    8.55430828
    1.98461140    8.55519905
    2.01367537    8.55442425
    2.04273933    8.55484982
    2.07180329    8.55590718
    2.10086725    8.55806132
    2.12993121    8.56196670
    2.15899517    8.56846995
    2.18805913    8.57864301
    2.21712309    8.59364832
    2.24618705    8.61493350
    2.27525102    8.64414659
    2.30431498    8.68277589
    2.33337894    8.73260621
    2.36244290    8.79516143
    2.39150686    8.87151315
    2.42057082    8.96175353
    2.44963478    9.06406067
    2.47869874    9.17306399
    2.50776270    9.27753155
    2.53682667    9.35716338
    2.56589063    9.38778781
    2.59945080    9.70532358
    2.63301097   10.04578204
    2.66657114   10.40984678
    2.70013131   10.79600704
    2.73369148   11.20366873
    2.76725166   11.63200076
    2.80081183   12.08144808
    2.83437200   12.55143657
    2.86793217   13.04157285
    2.90149234   13.55160764
    2.93505251   14.08172981
    2.96861269   14.63157074
    3.00217286   15.20086843
    3.03573303   15.78923121
    3.06929320   16.39621028
    3.10285337   17.02106844
    3.13641354   17.66283081
    3.16997371   18.32012134
    3.20353389   18.99107308
    3.23709406   19.67307855
    3.27065423   20.36249368
    3.30421440   21.05418331
    3.33777457   21.74091561
    3.37133474   22.41212065
    3.40489492   23.05315262
    3.43845509   23.64336249
    3.47201526   24.15536368
    3.50557543   24.55622593
    3.53913560   24.81382297
    3.57269577   24.90277741
    3.60009754   24.81818598
    3.62749930   24.57640569
    3.65490107   24.20576533
    3.68230283   23.73561394
    3.70970460   23.19116080
    3.73710637   22.59017380
    3.76450813   21.94639671
    3.79190990   21.27024135
    3.81931166   20.56947684
    3.84671343   19.85090523
    3.87411519   19.12010473
    3.90151696   18.38176625
    3.92891872   17.64026863
    3.95632049   16.89924496
    3.98372225   16.16211785
    4.01112402   15.43212004
    4.03852578   14.71241423
    4.06592755   14.00625207
    4.09332931   13.31673902
    4.12073108   12.64808855
    4.14813284   12.00436260
    4.17553461   11.39056466
    4.20293638   10.81259143
    4.23033814   10.27788857
    4.25773991    9.79632809
    4.28514167    9.37593211
    4.31254344    9.02972485
    4.33994520    8.77019169
    4.36734697    8.60886199
    4.39474873    8.55519905
 
    0.00000000   24.90277741
    0.03875195   24.88597636
    0.07750390   24.82863877
    0.11625584   24.71023605
    0.15500779   24.50161150
    0.19375974   24.17769468
    0.23251169   23.73103315
    0.27126364   23.17613680
    0.31001559   22.53911683
    0.34876753   21.84642211
    0.38751948   21.11903766
    0.42627143   20.37210108
    0.46502338   19.61623314
    0.50377533   18.85891953
    0.54252727   18.10581762
    0.58127922   17.36119902
    0.62003117   16.62864974
    0.65878312   15.91137138
    0.69753507   15.21243474
    0.73628701   14.53498273
    0.77503896   13.88162416
    0.81379091   13.25792102
    0.85254286   12.66722914
    0.89129481   12.11464749
    0.93004676   11.60729673
    0.96879870   11.15234016
    1.00755065   10.75883876
    1.04630260   10.43676145
    1.08505455   10.19657311
    1.12380650   10.04782125
    1.16255844    9.99739774
    1.18996021   10.02265141
    1.21736198   10.09762344
    1.24476374   10.22007661
    1.27216551   10.38665312
    1.29956727   10.59336131
    1.32696904   10.83595555
    1.35437080   11.11028964
    1.38177257   11.41252633
    1.40917433   11.73959501
    1.43657610   12.08782576
    1.46397786   12.45536797
    1.49137963   12.83939700
    1.51878139   13.23841375
    1.54618316   13.65097566
    1.57358492   14.07576456
    1.60098669   14.51159599
    1.62838846   14.95764426
    1.65579022   15.41292823
    1.68319199   15.87655573
    1.71059375   16.34757431
    1.73799552   16.82486866
    1.76539728   17.30700546
    1.79279905   17.79197951
    1.82020081   18.11865735
    1.84760258   18.17216781
    1.87500434   18.21932439
    1.90240611   18.25838724
    1.92980787   18.28769836
    1.95720964   18.30587437
    1.98461140   18.31235610
    2.01367537   18.23180065
    2.04273933   18.00625163
    2.07180329   17.67078570
    2.10086725   17.26139476
    2.12993121   16.80547150
    2.15899517   16.32141423
    2.18805913   15.82108151
    2.21712309   15.31196319
    2.24618705   14.79897513
    2.27525102   14.28533499
    2.30431498   13.77321061
    2.33337894   13.26409953
    2.36244290   12.75906559
    2.39150686   12.25888886
    2.42057082   11.76416232
    2.44963478   11.27535523
    2.47869874   10.79285560
    2.50776270   10.31759438
    2.53682667    9.84947200
    2.56589063    9.38778781
    2.59945080    9.70532358
    2.63301097   10.04578204
    2.66657114   10.40984678
    2.70013131   10.79600704
    2.73369148   11.20366873
    2.76725166   11.63200076
    2.80081183   12.08144808
    2.83437200   12.55143657
    2.86793217   13.04157285
    2.90149234   13.55160764
    2.93505251   14.08172981
    2.96861269   14.63157074
    3.00217286   15.20086843
    3.03573303   15.78923121
    3.06929320   16.39621028
    3.10285337   17.02106844
    3.13641354   17.66283081
    3.16997371   18.32012134
    3.20353389   18.99107308
    3.23709406   19.67307855
    3.27065423   20.36249368
    3.30421440   21.05418331
    3.33777457   21.74091561
    3.37133474   22.41212065
    3.40489492   23.05315262
    3.43845509   23.64336249
    3.47201526   24.15536368
    3.50557543   24.55622596
    3.53913560   24.81382297
    3.57269577   24.90277741
    3.60009754   24.88698932
    3.62749930   24.83820423
    3.65490107   24.75271481
    3.68230283   24.62546299
    3.70970460   24.45293997
    3.73710637   24.23379853
    3.76450813   23.97139274
    3.79190990   23.67218996
    3.81931166   23.34452433
    3.84671343   22.99700451
    3.87411519   22.63752277
    3.90151696   22.27282395
    3.92891872   21.90850394
    3.95632049   21.54911167
    3.98372225   21.19836600
    4.01112402   20.85933293
    4.03852578   20.53457627
    4.06592755   20.22628614
    4.09332931   19.93631978
    4.12073108   19.66632916
    4.14813284   19.41776326
    4.17553461   19.19190749
    4.20293638   18.98990237
    4.23033814   18.81275517
    4.25773991   18.66134677
    4.28514167   18.53642219
    4.31254344   18.43860443
    4.33994520   18.36838155
    4.36734697   18.32610545
    4.39474873   18.31235610
 
    0.00000000   24.90277750
    0.03875195   24.88597637
    0.07750390   24.82863877
    0.11625584   24.71023605
    0.15500779   24.50161150
    0.19375974   24.17769468
    0.23251169   23.73103315
    0.27126364   23.17613680
    0.31001559   22.53911683
    0.34876753   21.84642211
    0.38751948   21.11903766
    0.42627143   20.37210108
    0.46502338   19.61623314
    0.50377533   18.85891953
    0.54252727   18.17025500
    0.58127922   17.89317983
    0.62003117   17.64770918
    0.65878312   17.43131969
    0.69753507   17.24153863
    0.73628701   17.07599494
    0.77503896   16.93238543
    0.81379091   16.80889081
    0.85254286   16.70332263
    0.89129481   16.61412352
    0.93004676   16.53980639
    0.96879870   16.47908458
    1.00755065   16.43087933
    1.04630260   16.39430774
    1.08505455   16.36919736
    1.12380650   16.35398474
    1.16255844   16.34894605
    1.18996021   16.36557912
    1.21736198   16.41346858
    1.24476374   16.48699388
    1.27216551   16.57879098
    1.29956727   16.68109849
    1.32696904   16.78696746
    1.35437080   16.89136986
    1.38177257   16.99121602
    1.40917433   17.08514363
    1.43657610   17.17272066
    1.46397786   17.25459730
    1.49137963   17.33147319
    1.51878139   17.40408159
    1.54618316   17.47411033
    1.57358492   17.54207204
    1.60098669   17.60871012
    1.62838846   17.67465182
    1.65579022   17.74025158
    1.68319199   17.80567992
    1.71059375   17.87087456
    1.73799552   17.93551651
    1.76539728   17.99900691
    1.79279905   18.06045083
    1.82020081   18.27676971
    1.84760258   18.75651465
    1.87500434   19.22290296
    1.90240611   19.66094248
    1.92980787   20.04276810
    1.95720964   20.31908696
    1.98461140   20.42358910
    2.01367537   20.31813744
    2.04273933   20.02260437
    2.07180329   19.58298644
    2.10086725   19.04733364
    2.12993121   18.45327456
    2.15899517   17.82712257
    2.18805913   17.18694942
    2.21712309   16.54485112
    2.24618705   15.91002376
    2.27525102   15.28941197
    2.30431498   14.68866008
    2.33337894   14.11299636
    2.36244290   13.56720790
    2.39150686   13.05635995
    2.42057082   12.58624255
    2.44963478   12.16420866
    2.47869874   11.80063637
    2.50776270   11.51137226
    2.53682667   11.31928206
    2.56589063   11.25092578
    2.59945080   11.32420044
    2.63301097   11.49632651
    2.66657114   11.73545132
    2.70013131   12.03196804
    2.73369148   12.38324267
    2.76725166   12.78866880
    2.80081183   13.24792075
    2.83437200   13.76037881
    2.86793217   14.32456265
    2.90149234   14.93855731
    2.93505251   15.60000549
    2.96861269   16.30600900
    3.00217286   17.05347200
    3.03573303   17.83915143
    3.06929320   18.65975898
    3.10285337   19.51198736
    3.13641354   20.39301966
    3.16997371   21.29861606
    3.20353389   22.22600721
    3.23709406   23.17189451
    3.27065423   24.13288782
    3.30421440   25.10543125
    3.33777457   25.65318325
    3.37133474   25.45419438
    3.40489492   25.28581845
    3.43845509   25.14805610
    3.47201526   25.04054435
    3.50557543   24.96400726
    3.53913560   24.91808490
    3.57269577   24.90277745
    3.60009754   24.89471477
    3.62749930   24.87096840
    3.65490107   24.83296940
    3.68230283   24.78224606
    3.70970460   24.72197269
    3.73710637   24.65309798
    3.76450813   24.57869834
    3.79190990   24.50091565
    3.81931166   24.42161197
    3.84671343   24.34234273
    3.87411519   24.26436366
    3.90151696   24.18855934
    3.92891872   24.11589232
    3.95632049   24.04678860
    3.98372225   23.98163382
    4.01112402   23.92068496
    4.03852578   23.50112035
    4.06592755   23.08625592
    4.09332931   22.69385853
    4.12073108   22.32630165
    4.14813284   21.98527776
    4.17553461   21.67278552
    4.20293638   21.39030359
    4.23033814   21.14092636
    4.25773991   20.92608621
    4.28514167   20.74748611
    4.31254344   20.60675885
    4.33994520   20.50522775
    4.36734697   20.44388844
    4.39474873   20.42358910
 
    0.00000000   29.72566866
    0.03875195   29.52018806
    0.07750390   28.99639022
    0.11625584   28.29938353
    0.15500779   27.51909773
    0.19375974   26.70305305
    0.23251169   25.87865358
    0.27126364   25.06445666
    0.31001559   24.27384128
    0.34876753   23.51747652
    0.38751948   22.80409418
    0.42627143   22.14048201
    0.46502338   21.53211371
    0.50377533   20.98268724
    0.54252727   20.49439332
    0.58127922   20.06737889
    0.62003117   19.69996282
    0.65878312   19.38853652
    0.69753507   19.12758395
    0.73628701   18.90971199
    0.77503896   18.72560065
    0.81379091   18.56444683
    0.85254286   18.41153134
    0.89129481   18.24994749
    0.93004676   18.05956373
    0.96879870   17.81784311
    1.00755065   17.50917872
    1.04630260   17.14062026
    1.08505455   16.76152357
    1.12380650   16.46379621
    1.16255844   16.34894605
    1.18996021   16.39410885
    1.21736198   16.52698770
    1.24476374   16.74060667
    1.27216551   17.02542140
    1.29956727   17.37211062
    1.32696904   17.77171135
    1.35437080   18.21697479
    1.38177257   18.70221050
    1.40917433   19.22311314
    1.43657610   19.77639330
    1.46397786   20.35975352
    1.49137963   20.97130603
    1.51878139   21.60959034
    1.54618316   22.27419396
    1.57358492   22.96406573
    1.60098669   23.67847386
    1.62838846   24.41733702
    1.65579022   25.17998390
    1.68319199   25.96593389
    1.71059375   26.77461534
    1.73799552   27.60527631
    1.76539728   27.29408764
    1.79279905   26.65486194
    1.82020081   26.03649193
    1.84760258   25.44380251
    1.87500434   24.88506790
    1.90240611   24.37524613
    1.92980787   23.94217368
    1.95720964   23.63512196
    1.98461140   23.52067252
    2.01367537   23.61750024
    2.04273933   23.89264885
    2.07180329   24.31077466
    2.10086725   24.83590251
    2.12993121   25.44065417
    2.15899517   26.10663480
    2.18805913   26.82200465
    2.21712309   27.57915139
    2.24618705   28.37308887
    2.27525102   29.20043010
    2.30431498   30.05875014
    2.33337894   30.94617872
    2.36244290   31.86112343
    2.39150686   32.80205381
    2.42057082   33.76728158
    2.44963478   34.75462985
    2.47869874   35.76069956
    2.50776270   36.77881518
    2.53682667   37.78859134
    2.56589063   38.67570839
    2.59945080   37.77331794
    2.63301097   36.90138342
    2.66657114   36.06004101
    2.70013131   35.24923886
    2.73369148   34.46898533
    2.76725166   33.71826498
    2.80081183   32.99913442
    2.83437200   32.31057337
    2.86793217   31.65258730
    2.90149234   31.02517920
    2.93505251   30.42835715
    2.96861269   29.86212317
    3.00217286   29.32648075
    3.03573303   28.82143300
    3.06929320   28.34698269
    3.10285337   27.90313232
    3.13641354   27.48988414
    3.16997371   27.10724012
    3.20353389   26.75520204
    3.23709406   26.43377149
    3.27065423   26.14294985
    3.30421440   25.88273835
    3.33777457   26.08573795
    3.37133474   27.06949568
    3.40489492   28.05198780
    3.43845509   29.02744375
    3.47201526   29.85858179
    3.50557543   29.77543685
    3.53913560   29.73626852
    3.57269577   29.72566866
    3.60009754   29.67677106
    3.62749930   29.54957434
    3.65490107   29.38701077
    3.68230283   29.23071353
    3.70970460   29.11126726
    3.73710637   29.04640926
    3.76450813   28.56821075
    3.79190990   28.00475189
    3.81931166   27.45109822
    3.84671343   26.90825305
    3.87411519   26.37717168
    3.90151696   25.85886184
    3.92891872   25.35443807
    3.95632049   24.86509215
    3.98372225   24.39212744
    4.01112402   23.93695972
    4.03852578   23.86409885
    4.06592755   23.81195622
    4.09332931   23.76428143
    4.12073108   23.72105855
    4.14813284   23.68224424
    4.17553461   23.64777800
    4.20293638   23.61758833
    4.23033814   23.59160532
    4.25773991   23.56976119
    4.28514167   23.55198334
    4.31254344   23.53821971
    4.33994520   23.52842463
    4.36734697   23.52256448
    4.39474873   23.52067252
 
    0.00000000   29.72566889
    0.03875195   29.95947168
    0.07750390   30.58098336
    0.11625584   30.55681458
    0.15500779   30.09508385
    0.19375974   29.81148030
    0.23251169   29.71575516
    0.27126364   29.79399384
    0.31001559   30.01845367
    0.34876753   30.36135911
    0.38751948   30.79979913
    0.42627143   31.31660920
    0.46502338   31.89919583
    0.50377533   32.53810053
    0.54252727   33.22645821
    0.58127922   33.95865448
    0.62003117   34.65950889
    0.65878312   33.21730237
    0.69753507   31.77353171
    0.73628701   30.35255432
    0.77503896   28.96973867
    0.81379091   27.63872349
    0.85254286   26.37369964
    0.89129481   25.19262304
    0.93004676   24.11948688
    0.96879870   23.18427942
    1.00755065   22.41864526
    1.04630260   21.84370627
    1.08505455   21.45821952
    1.12380650   21.24194073
    1.16255844   21.17284525
    1.18996021   21.20700723
    1.21736198   21.30964007
    1.24476374   21.48100464
    1.27216551   21.72101517
    1.29956727   22.02869770
    1.32696904   22.40173240
    1.35437080   22.83632808
    1.38177257   23.32736032
    1.40917433   23.86874413
    1.43657610   24.45342754
    1.46397786   25.07395908
    1.49137963   25.72187533
    1.51878139   26.38738339
    1.54618316   27.05801898
    1.57358492   27.71627888
    1.60098669   28.33557606
    1.62838846   28.87446169
    1.65579022   29.27362835
    1.68319199   29.31154826
    1.71059375   28.62414586
    1.73799552   27.95117844
    1.76539728   28.45684755
    1.79279905   28.67770794
    1.82020081   28.35843714
    1.84760258   28.06134301
    1.87500434   27.80182499
    1.90240611   27.59040877
    1.92980787   27.43445038
    1.95720964   27.33892799
    1.98461140   27.30676544
    2.01367537   27.42661536
    2.04273933   27.76595349
    2.07180329   28.27840420
    2.10086725   28.91565029
    2.12993121   29.63964305
    2.15899517   30.42344374
    2.18805913   31.24831066
    2.21712309   32.10034241
    2.24618705   32.96876171
    2.27525102   33.84451210
    2.30431498   34.71724981
    2.33337894   35.57719575
    2.36244290   36.41231144
    2.39150686   37.16588524
    2.42057082   37.51195438
    2.44963478   37.87429020
    2.47869874   38.24730181
    2.50776270   38.61611733
    2.53682667   38.67271050
    2.56589063   38.67570841
    2.59945080   38.67288963
    2.63301097   38.24024740
    2.66657114   37.73840399
    2.70013131   37.22969218
    2.73369148   36.73147481
    2.76725166   36.25043884
    2.80081183   35.79142159
    2.83437200   35.35580218
    2.86793217   34.94451087
    2.90149234   34.55782373
    2.93505251   34.19563981
    2.96861269   33.85737687
    3.00217286   33.54213540
    3.03573303   33.24843839
    3.06929320   32.97480818
    3.10285337   32.71830626
    3.13641354   32.47449727
    3.16997371   32.23566798
    3.20353389   31.98833150
    3.23709406   31.71350064
    3.27065423   31.40085499
    3.30421440   31.06644707
    3.33777457   30.73976424
    3.37133474   30.44364609
    3.40489492   30.19298197
    3.43845509   29.99671587
    3.47201526   29.85858191
    3.50557543   29.77544104
    3.53913560   29.73626889
    3.57269577   29.72567005
    3.60009754   29.78833942
    3.62749930   29.96185634
    3.65490107   30.20205839
    3.68230283   30.30718193
    3.70970460   29.72087515
    3.73710637   29.14064967
    3.76450813   29.04420730
    3.79190990   28.95788784
    3.81931166   28.66981575
    3.84671343   28.41622589
    3.87411519   28.19521032
    3.90151696   28.00454880
    3.92891872   27.84194810
    3.95632049   27.70509313
    3.98372225   27.59171324
    4.01112402   27.49958842
    4.03852578   27.42654781
    4.06592755   27.37046585
    4.09332931   27.32921025
    4.12073108   27.30077893
    4.14813284   27.28309849
    4.17553461   27.27415992
    4.20293638   27.27199242
    4.23033814   27.27472150
    4.25773991   27.28064678
    4.28514167   27.28791764
    4.31254344   27.29520558
    4.33994520   27.30131621
    4.36734697   27.30535380
    4.39474873   27.30676544
 
    0.00000000   32.34901873
    0.03875195   31.85656945
    0.07750390   31.16339829
    0.11625584   30.55681490
    0.15500779   30.09508395
    0.19375974   29.81148036
    0.23251169   29.71575545
    0.27126364   29.79399408
    0.31001559   30.01845373
    0.34876753   30.36135914
    0.38751948   30.79979915
    0.42627143   31.31660921
    0.46502338   31.89919585
    0.50377533   32.53810055
    0.54252727   33.22645823
    0.58127922   33.95865448
    0.62003117   34.66611726
    0.65878312   35.01196388
    0.69753507   35.38763942
    0.73628701   35.79336879
    0.77503896   36.22860599
    0.81379091   36.69329914
    0.85254286   37.18451154
    0.89129481   37.69624696
    0.93004676   38.22320467
    0.96879870   38.75412253
    1.00755065   39.27164817
    1.04630260   39.74916191
    1.08505455   40.14949673
    1.12380650   40.42065860
    1.16255844   40.51774198
    1.18996021   40.46805992
    1.21736198   40.31696098
    1.24476374   40.05962547
    1.27216551   39.69381044
    1.29956727   39.22694472
    1.32696904   38.67149722
    1.35437080   38.04590582
    1.38177257   37.36903810
    1.40917433   36.65722706
    1.43657610   35.92341007
    1.46397786   35.17721238
    1.49137963   34.42565480
    1.51878139   33.67347190
    1.54618316   32.92518326
    1.57358492   32.18309921
    1.60098669   31.44906413
    1.62838846   30.72509509
    1.65579022   30.01222055
    1.68319199   29.47313257
    1.71059375   29.45746902
    1.73799552   29.27455917
    1.76539728   28.99555606
    1.79279905   29.32770864
    1.82020081   30.21525124
    1.84760258   31.11498870
    1.87500434   32.01855896
    1.90240611   32.90872963
    1.92980787   33.74541858
    1.95720964   34.42525286
    1.98461140   34.71482212
    2.01367537   34.72761109
    2.04273933   34.76628513
    2.07180329   34.83067410
    2.10086725   34.92066794
    2.12993121   35.03611111
    2.15899517   35.17680073
    2.18805913   35.34265334
    2.21712309   35.53300501
    2.24618705   35.74767157
    2.27525102   35.98621902
    2.30431498   36.24796251
    2.33337894   36.53249088
    2.36244290   36.83884405
    2.39150686   37.20785472
    2.42057082   37.94547031
    2.44963478   38.60271972
    2.47869874   38.64839849
    2.50776270   38.66349876
    2.53682667   38.90629112
    2.56589063   38.67570850
    2.59945080   38.67289052
    2.63301097   38.24024817
    2.66657114   37.73840448
    2.70013131   37.22969257
    2.73369148   36.73147503
    2.76725166   36.25043888
    2.80081183   35.79142163
    2.83437200   35.35580219
    2.86793217   34.94451088
    2.90149234   34.55782374
    2.93505251   34.19563981
    2.96861269   33.85737687
    3.00217286   33.54213540
    3.03573303   33.24843839
    3.06929320   32.97480818
    3.10285337   32.71830626
    3.13641354   32.47449727
    3.16997371   32.23566799
    3.20353389   31.98833150
    3.23709406   31.71350067
    3.27065423   31.40085504
    3.30421440   31.06644707
    3.33777457   30.73976435
    3.37133474   30.44364611
    3.40489492   30.19298215
    3.43845509   29.99671599
    3.47201526   29.98835239
    3.50557543   30.92273269
    3.53913560   31.79851004
    3.57269577   32.34901873
    3.60009754   32.03241967
    3.62749930   31.48186516
    3.65490107   30.89675426
    3.68230283   30.32479263
    3.70970460   30.02098803
    3.73710637   29.63959791
    3.76450813   29.28157353
    3.79190990   29.10526532
    3.81931166   29.22620367
    3.84671343   29.40161561
    3.87411519   29.62591219
    3.90151696   29.89389780
    3.92891872   30.20135034
    3.95632049   30.54449968
    3.98372225   30.92025174
    4.01112402   31.32597901
    4.03852578   31.75940283
    4.06592755   32.21850552
    4.09332931   32.70138488
    4.12073108   33.20626948
    4.14813284   33.73135743
    4.17553461   34.27472054
    4.20293638   34.73741637
    4.23033814   34.74205976
    4.25773991   34.74055912
    4.28514167   34.73476660
    4.31254344   34.72753739
    4.33994520   34.72086844
    4.36734697   34.71625923
    4.39474873   34.71482213
 
    0.00000000   32.34901873
    0.03875195   31.85664746
    0.07750390   31.16344731
    0.11625584   31.45443700
    0.15500779   32.47149293
    0.19375974   32.54183520
    0.23251169   32.62920828
    0.27126364   32.73473768
    0.31001559   32.85874710
    0.34876753   33.00258483
    0.38751948   33.16739062
    0.42627143   33.35437776
    0.46502338   33.56480887
    0.50377533   33.79996669
    0.54252727   34.06111828
    0.58127922   34.34947100
    0.62003117   34.73032285
    0.65878312   35.53795268
    0.69753507   36.37869867
    0.73628701   37.25024912
    0.77503896   38.15055446
    0.81379091   39.07867689
    0.85254286   40.03338543
    0.89129481   41.01271011
    0.93004676   42.01669916
    0.96879870   43.04462003
    1.00755065   44.09607780
    1.04630260   45.17067387
    1.08505455   46.27113070
    1.12380650   47.39129599
    1.16255844   48.45674964
    1.18996021   47.69891177
    1.21736198   46.81497014
    1.24476374   45.90313367
    1.27216551   44.97422899
    1.29956727   44.03784628
    1.32696904   43.10028465
    1.35437080   42.16787258
    1.38177257   41.24610250
    1.40917433   40.34007265
    1.43657610   39.45459009
    1.46397786   38.59501549
    1.49137963   37.76741185
    1.51878139   36.97957382
    1.54618316   36.24232609
    1.57358492   35.57181925
    1.60098669   34.99363630
    1.62838846   34.54872633
    1.65579022   34.29599453
    1.68319199   34.29523373
    1.71059375   34.56187435
    1.73799552   35.04781716
    1.76539728   35.68133980
    1.79279905   36.40374442
    1.82020081   37.17441984
    1.84760258   37.96327275
    1.87500434   38.74217014
    1.90240611   39.47607118
    1.92980787   39.35537376
    1.95720964   38.60227230
    1.98461140   38.28861224
    2.01367537   38.29045073
    2.04273933   38.29615139
    2.07180329   38.30557767
    2.10086725   38.31862085
    2.12993121   38.33512227
    2.15899517   38.35486747
    2.18805913   38.37760624
    2.21712309   38.40293205
    2.24618705   38.43044085
    2.27525102   38.45961283
    2.30431498   38.48983468
    2.33337894   38.52039700
    2.36244290   38.55049925
    2.39150686   38.57927076
    2.42057082   38.60579074
    2.44963478   38.62912870
    2.47869874   39.15372117
    2.50776270   39.57182317
    2.53682667   39.83324375
    2.56589063   39.92217247
    2.59945080   39.85333570
    2.63301097   39.76868322
    2.66657114   39.67527436
    2.70013131   39.57833181
    2.73369148   39.48227273
    2.76725166   39.39062481
    2.80081183   39.30611941
    2.83437200   39.23074832
    2.86793217   39.16513145
    2.90149234   38.68595295
    2.93505251   37.98096985
    2.96861269   37.28004557
    3.00217286   36.58983633
    3.03573303   35.91591271
    3.06929320   35.26385739
    3.10285337   34.63950339
    3.13641354   34.05036009
    3.16997371   33.50719752
    3.20353389   33.02683387
    3.23709406   32.63191625
    3.27065423   32.33695197
    3.30421440   32.13082992
    3.33777457   31.99027913
    3.37133474   31.89944374
    3.40489492   31.85328910
    3.43845509   31.85440625
    3.47201526   31.91156503
    3.50557543   32.03609704
    3.53913560   32.22204717
    3.57269577   32.34901873
    3.60009754   32.05447786
    3.62749930   31.56074136
    3.65490107   31.08390022
    3.68230283   30.81038766
    3.70970460   31.03412529
    3.73710637   31.39064674
    3.76450813   31.76625802
    3.79190990   32.13921461
    3.81931166   32.49868200
    3.84671343   32.83785706
    3.87411519   33.15186811
    3.90151696   33.43738200
    3.92891872   33.69243043
    3.95632049   33.91614077
    3.98372225   34.10862525
    4.01112402   34.27079959
    4.03852578   34.40422078
    4.06592755   34.51107088
    4.09332931   34.59352700
    4.12073108   34.65444450
    4.14813284   34.69672491
    4.17553461   34.72339859
    4.20293638   34.83410039
    4.23033814   35.40668724
    4.25773991   35.98834949
    4.28514167   36.57232721
    4.31254344   37.14582967
    4.33994520   37.68083708
    4.36734697   38.10930373
    4.39474873   38.28861224
 
    0.00000000   32.34905421
    0.03875195   32.35658342
    0.07750390   32.37932713
    0.11625584   32.41750199
    0.15500779   32.48764830
    0.19375974   33.63284396
    0.23251169   34.86516588
    0.27126364   36.17174468
    0.31001559   37.01487113
    0.34876753   37.43985858
    0.38751948   37.81803051
    0.42627143   38.12100521
    0.46502338   38.26808286
    0.50377533   38.05560742
    0.54252727   37.26712615
    0.58127922   36.05021341
    0.62003117   34.73032286
    0.65878312   35.53795269
    0.69753507   36.37869867
    0.73628701   37.25024912
    0.77503896   38.15055446
    0.81379091   39.07867689
    0.85254286   40.03338543
    0.89129481   41.01271014
    0.93004676   42.01669919
    0.96879870   43.04462022
    1.00755065   44.09607826
    1.04630260   45.17068065
    1.08505455   46.27114488
    1.12380650   47.39604844
    1.16255844   48.45699249
    1.18996021   47.77217327
    1.21736198   47.09517725
    1.24476374   46.53860153
    1.27216551   46.10562998
    1.29956727   45.79946813
    1.32696904   45.60925676
    1.35437080   45.51973025
    1.38177257   45.51402828
    1.40917433   45.57671547
    1.43657610   45.69710412
    1.46397786   45.86571269
    1.49137963   46.07525694
    1.51878139   46.32104652
    1.54618316   46.59917248
    1.57358492   46.90681522
    1.60098669   47.24160259
    1.62838846   47.60214373
    1.65579022   47.98593699
    1.68319199   48.39281784
    1.71059375   48.66045082
    1.73799552   47.36967933
    1.76539728   46.10546833
    1.79279905   44.86996774
    1.82020081   43.66599822
    1.84760258   42.49821626
    1.87500434   41.37514851
    1.90240611   40.31414445
    1.92980787   40.11165861
    1.95720964   40.56549451
    1.98461140   40.73568095
    2.01367537   40.75429570
    2.04273933   40.81042659
    2.07180329   40.90284010
    2.10086725   41.02966004
    2.12993121   41.18801039
    2.15899517   41.37364852
    2.18805913   41.58032715
    2.21712309   41.79877124
    2.24618705   42.01485526
    2.27525102   42.20713537
    2.30431498   42.34452165
    2.33337894   42.38876103
    2.36244290   42.30877542
    2.39150686   42.10033968
    2.42057082   41.78913207
    2.44963478   41.41070580
    2.47869874   40.99726377
    2.50776270   40.57519886
    2.53682667   40.17718384
    2.56589063   39.92217255
    2.59945080   40.36015691
    2.63301097   41.08056314
    2.66657114   41.63182819
    2.70013131   41.84461086
    2.73369148   41.69176401
    2.76725166   41.27578141
    2.80081183   40.71116825
    2.83437200   40.06849589
    2.86793217   39.38619814
    2.90149234   38.68595296
    2.93505251   37.98096986
    2.96861269   37.28004561
    3.00217286   36.58983636
    3.03573303   35.91591273
    3.06929320   35.26385740
    3.10285337   34.63950339
    3.13641354   34.05036011
    3.16997371   33.50719766
    3.20353389   33.02683392
    3.23709406   32.63191628
    3.27065423   32.33695207
    3.30421440   32.13082993
    3.33777457   31.99027924
    3.37133474   31.89944382
    3.40489492   31.85328968
    3.43845509   31.85440727
    3.47201526   31.91156594
    3.50557543   32.03626602
    3.53913560   32.22212325
    3.57269577   32.34904421
    3.60009754   32.38051952
    3.62749930   32.47449031
    3.65490107   32.62962549
    3.68230283   32.84356085
    3.70970460   33.11445394
    3.73710637   33.43805644
    3.76450813   33.81200629
    3.79190990   34.23359312
    3.81931166   34.70018625
    3.84671343   35.20946309
    3.87411519   35.75933086
    3.90151696   36.34793688
    3.92891872   36.97365548
    3.95632049   37.63503622
    3.98372225   38.33073299
    4.01112402   39.05965536
    4.03852578   39.82047242
    4.06592755   40.61236704
    4.09332931   41.43440501
    4.12073108   42.28494446
    4.14813284   43.16348621
    4.17553461   44.06852220
    4.20293638   44.84819281
    4.23033814   44.10294969
    4.25773991   43.37318333
    4.28514167   42.66746373
    4.31254344   41.99919820
    4.33994520   41.39652687
    4.36734697   40.92747833
    4.39474873   40.73568084
 
    0.00000000   33.27021655
    0.03875195   33.44944725
    0.07750390   33.86957904
    0.11625584   34.40434890
    0.15500779   34.96865112
    0.19375974   35.52443927
    0.23251169   36.05424572
    0.27126364   36.55201193
    0.31001559   37.54297504
    0.34876753   38.97398745
    0.38751948   40.46160013
    0.42627143   42.00304847
    0.46502338   42.49104569
    0.50377533   41.52468835
    0.54252727   41.15278075
    0.58127922   41.24210580
    0.62003117   41.54892427
    0.65878312   41.95985281
    0.69753507   42.43267912
    0.73628701   42.95020017
    0.77503896   43.50383778
    0.81379091   44.08876099
    0.85254286   44.69908007
    0.89129481   45.32739430
    0.93004676   45.96519270
    0.96879870   46.59793131
    1.00755065   47.20474177
    1.04630260   47.75489927
    1.08505455   48.21036307
    1.12380650   48.54623428
    1.16255844   48.45742050
    1.18996021   48.46171568
    1.21736198   48.47325680
    1.24476374   48.49363065
    1.27216551   48.52201388
    1.29956727   48.55893093
    1.32696904   48.60414925
    1.35437080   48.65780918
    1.38177257   48.71954046
    1.40917433   48.78713839
    1.43657610   48.86568079
    1.46397786   48.95321800
    1.49137963   49.04807061
    1.51878139   49.15092548
    1.54618316   49.26144575
    1.57358492   49.37930459
    1.60098669   49.50442657
    1.62838846   49.63513958
    1.65579022   49.77112846
    1.68319199   49.91177932
    1.71059375   48.81937871
    1.73799552   49.26801010
    1.76539728   49.74173804
    1.79279905   50.25185739
    1.82020081   50.52309589
    1.84760258   49.55348436
    1.87500434   48.65058757
    1.90240611   47.82728517
    1.92980787   47.13004749
    1.95720964   46.64010795
    1.98461140   46.46260472
    2.01367537   46.45244859
    2.04273933   46.42608647
    2.07180329   46.38327155
    2.10086725   46.32533693
    2.12993121   46.25429658
    2.15899517   46.17309686
    2.18805913   46.08314360
    2.21712309   45.98902712
    2.24618705   45.89411548
    2.27525102   45.80515132
    2.30431498   45.73512879
    2.33337894   45.65262492
    2.36244290   45.59982961
    2.39150686   45.57344300
    2.42057082   44.64870626
    2.44963478   43.51801312
    2.47869874   42.40368659
    2.50776270   41.32376639
    2.53682667   40.34919512
    2.56589063   39.92217276
    2.59945080   40.36016628
    2.63301097   41.08057417
    2.66657114   41.63188815
    2.70013131   41.84471902
    2.73369148   41.69177125
    2.76725166   41.27578352
    2.80081183   40.71117318
    2.83437200   40.06849640
    2.86793217   39.38619818
    2.90149234   39.10814545
    2.93505251   39.06118081
    2.96861269   39.02122535
    3.00217286   38.98531750
    3.03573303   38.94933995
    3.06929320   38.90853655
    3.10285337   38.85669051
    3.13641354   38.78670264
    3.16997371   38.69045282
    3.20353389   38.55900302
    3.23709406   38.38287218
    3.27065423   38.15219999
    3.30421440   37.85797077
    3.33777457   37.49303391
    3.37133474   37.04997153
    3.40489492   36.53336694
    3.43845509   35.79004093
    3.47201526   34.90676111
    3.50557543   34.13966973
    3.53913560   33.54054428
    3.57269577   33.27021655
    3.60009754   33.39401955
    3.62749930   33.63212223
    3.65490107   34.02219396
    3.68230283   34.51011576
    3.70970460   35.06505959
    3.73710637   35.67150953
    3.76450813   36.31321923
    3.79190990   36.98814940
    3.81931166   37.68968133
    3.84671343   38.41416116
    3.87411519   39.16350014
    3.90151696   39.92479155
    3.92891872   40.70797925
    3.95632049   41.50402803
    3.98372225   42.31671146
    4.01112402   43.14454983
    4.03852578   43.98337108
    4.06592755   44.83812328
    4.09332931   45.68010198
    4.12073108   46.27571285
    4.14813284   46.30547308
    4.17553461   45.60060153
    4.20293638   44.99886189
    4.23033814   45.95102518
    4.25773991   46.57597323
    4.28514167   46.54367154
    4.31254344   46.51056793
    4.33994520   46.48295176
    4.36734697   46.46494292
    4.39474873   46.46259974
 
    0.00000000   33.27021655
    0.03875195   33.83414049
    0.07750390   34.74895114
    0.11625584   35.74725593
    0.15500779   36.79792683
    0.19375974   37.89226317
    0.23251169   39.02639453
    0.27126364   40.19885719
    0.31001559   41.40842416
    0.34876753   42.65508243
    0.38751948   43.93918859
    0.42627143   43.85573772
    0.46502338   43.59722879
    0.50377533   45.25508734
    0.54252727   46.95240060
    0.58127922   48.69674912
    0.62003117   50.58563063
    0.65878312   52.38264461
    0.69753507   54.77928521
    0.73628701   56.27832484
    0.77503896   57.87185329
    0.81379091   56.35009860
    0.85254286   55.00755348
    0.89129481   53.74413523
    0.93004676   52.56593349
    0.96879870   51.48299432
    1.00755065   50.51153778
    1.04630260   49.68003761
    1.08505455   49.02923679
    1.12380650   48.60551518
    1.16255844   48.61620647
    1.18996021   48.67338883
    1.21736198   48.68168279
    1.24476374   48.74297079
    1.27216551   48.84006120
    1.29956727   48.96563641
    1.32696904   49.11386682
    1.35437080   49.30690223
    1.38177257   49.50606545
    1.40917433   49.72190079
    1.43657610   49.97444869
    1.46397786   50.25208918
    1.49137963   50.55174848
    1.51878139   50.87481858
    1.54618316   51.22098775
    1.57358492   51.58562220
    1.60098669   51.96720881
    1.62838846   52.43559057
    1.65579022   51.32690921
    1.68319199   49.97749540
    1.71059375   50.05466630
    1.73799552   50.19923522
    1.76539728   50.34304083
    1.79279905   50.48234616
    1.82020081   50.64438937
    1.84760258   50.74333273
    1.87500434   50.86104768
    1.90240611   51.02445338
    1.92980787   51.08867654
    1.95720964   51.04079996
    1.98461140   51.07675539
    2.01367537   50.99214203
    2.04273933   50.81816342
    2.07180329   50.54544406
    2.10086725   50.17225159
    2.12993121   49.79263067
    2.15899517   49.60006808
    2.18805913   48.97379190
    2.21712309   48.53415167
    2.24618705   47.81601750
    2.27525102   47.42602190
    2.30431498   47.35123273
    2.33337894   46.97583056
    2.36244290   46.65137118
    2.39150686   45.77584672
    2.42057082   45.57893636
    2.44963478   45.69276291
    2.47869874   45.68295918
    2.50776270   45.76074274
    2.53682667   45.87788880
    2.56589063   45.86986154
    2.59945080   45.85295082
    2.63301097   45.78843180
    2.66657114   45.74614090
    2.70013131   45.86110855
    2.73369148   46.19046344
    2.76725166   46.66558134
    2.80081183   47.21104690
    2.83437200   47.78347760
    2.86793217   48.36596378
    2.90149234   48.94971357
    2.93505251   49.52247556
    2.96861269   50.04864590
    3.00217286   50.39950111
    3.03573303   50.14383795
    3.06929320   49.12954246
    3.10285337   47.83863407
    3.13641354   46.49194771
    3.16997371   45.14797675
    3.20353389   43.82679394
    3.23709406   42.53767146
    3.27065423   41.28635711
    3.30421440   40.07759543
    3.33777457   38.91651820
    3.37133474   37.80882831
    3.40489492   36.76286131
    3.43845509   35.88927285
    3.47201526   34.90897862
    3.50557543   34.21819312
    3.53913560   33.63168479
    3.57269577   33.27021655
    3.60009754   33.59591487
    3.62749930   34.18076474
    3.65490107   34.80385203
    3.68230283   35.44877100
    3.70970460   36.11006337
    3.73710637   36.81543652
    3.76450813   37.44671699
    3.79190990   38.18130972
    3.81931166   38.84807740
    3.84671343   39.61198738
    3.87411519   40.25263719
    3.90151696   40.99192576
    3.92891872   41.74848218
    3.95632049   42.49817026
    3.98372225   43.25140288
    4.01112402   43.99435313
    4.03852578   44.80570230
    4.06592755   45.53736501
    4.09332931   46.00655123
    4.12073108   46.43866422
    4.14813284   46.45941244
    4.17553461   46.55120027
    4.20293638   46.59547646
    4.23033814   46.59673934
    4.25773991   46.92312306
    4.28514167   47.90773883
    4.31254344   48.89314754
    4.33994520   49.84611134
    4.36734697   50.67258400
    4.39474873   51.05900432
