# k-points (distance from the origin) Eigenvalues (eV)
    0.00000000   -8.33146345
    0.03875195   -8.30881636
    0.07750390   -8.24106914
    0.11625584   -8.12885278
    0.15500779   -7.97326147
    0.19375974   -7.77585865
    0.23251169   -7.53880852
    0.27126364   -7.26496935
    0.31001559   -6.95815931
    0.34876753   -6.62332170
    0.38751948   -6.26695812
    0.42627143   -5.89762802
    0.46502338   -5.52638832
    0.50377533   -5.16710295
    0.54252727   -4.83597440
    0.58127922   -4.54968479
    0.62003117   -4.32200261
    0.65878312   -4.16016446
    0.69753507   -4.06331448
    0.73628701   -4.02395244
    0.77503896   -4.03099836
    0.81379091   -4.07214857
    0.85254286   -4.13685462
    0.89129481   -4.21509561
    0.93004676   -4.29838692
    0.96879870   -4.38014863
    1.00755065   -4.45410651
    1.04630260   -4.51610921
    1.08505455   -4.56282906
    1.12380650   -4.59179381
    1.16255844   -4.60147772
    1.18996021   -4.59662190
    1.21736198   -4.58215390
    1.24476374   -4.55839371
    1.27216551   -4.52582568
    1.29956727   -4.48519004
    1.32696904   -4.43749050
    1.35437080   -4.38400328
    1.38177257   -4.32632703
    1.40917433   -4.26638605
    1.43657610   -4.20663833
    1.46397786   -4.14975236
    1.49137963   -4.09914156
    1.51878139   -4.05824006
    1.54618316   -4.03048392
    1.57358492   -4.01912278
    1.60098669   -4.02621921
    1.62838846   -4.05232663
    1.65579022   -4.09624538
    1.68319199   -4.15516811
    1.71059375   -4.22521843
    1.73799552   -4.30208272
    1.76539728   -4.38153048
    1.79279905   -4.45973575
    1.82020081   -4.53342046
    1.84760258   -4.59988106
    1.87500434   -4.65695589
    1.90240611   -4.70297122
    1.92980787   -4.73668663
    1.95720964   -4.75724930
    1.98461140   -4.76401072
    2.01367537   -4.75548661
    2.04273933   -4.72964226
    2.07180329   -4.68703350
    2.10086725   -4.62835654
    2.12993121   -4.55459392
    2.15899517   -4.46702117
    2.18805913   -4.36719718
    2.21712309   -4.25703525
    2.24618705   -4.13871086
    2.27525102   -4.01468648
    2.30431498   -3.88782007
    2.33337894   -3.76112195
    2.36244290   -3.63786207
    2.39150686   -3.52145107
    2.42057082   -3.41534315
    2.44963478   -3.32290490
    2.47869874   -3.28546989
    2.50776270   -3.24757684
    2.53682667   -3.20075073
    2.56589063   -3.14468424
    2.59945080   -3.18400260
    2.63301097   -3.21982215
    2.66657114   -3.25017081
    2.70013131   -3.27405569
    2.73369148   -3.29044096
    2.76725166   -3.29865327
    2.80081183   -3.29777503
    2.83437200   -3.28752887
    2.86793217   -3.41343420
    2.90149234   -3.62499831
    2.93505251   -3.87225342
    2.96861269   -4.15089621
    3.00217286   -4.45490459
    3.03573303   -4.77753758
    3.06929320   -5.11182966
    3.10285337   -5.45105792
    3.13641354   -5.78899945
    3.16997371   -6.12010456
    3.20353389   -6.43949945
    3.23709406   -6.74298460
    3.27065423   -7.02696404
    3.30421440   -7.28837416
    3.33777457   -7.52461372
    3.37133474   -7.73350359
    3.40489492   -7.91319819
    3.43845509   -8.06220166
    3.47201526   -8.17932743
    3.50557543   -8.26364210
    3.53913560   -8.31447603
    3.57269577   -8.33146345
    3.60009754   -8.32013601
    3.62749930   -8.28620947
    3.65490107   -8.22983803
    3.68230283   -8.15133811
    3.70970460   -8.05109051
    3.73710637   -7.92970766
    3.76450813   -7.78790032
    3.79190990   -7.62660000
    3.81931166   -7.44699783
    3.84671343   -7.25058154
    3.87411519   -7.03923583
    3.90151696   -6.81535146
    3.92891872   -6.58196048
    3.95632049   -6.34291480
    3.98372225   -6.10304673
    4.01112402   -5.86826608
    4.03852578   -5.64544212
    4.06592755   -5.44185951
    4.09332931   -5.26420870
    4.12073108   -5.11701923
    4.14813284   -5.00168389
    4.17553461   -4.91625988
    4.20293638   -4.85641962
    4.23033814   -4.81677586
    4.25773991   -4.79183640
    4.28514167   -4.77743124
    4.31254344   -4.76973390
    4.33994520   -4.76604942
    4.36734697   -4.76454472
    4.39474873   -4.76401072
 
    0.00000000   -2.24279647
    0.03875195   -2.24297287
    0.07750390   -2.24320916
    0.11625584   -2.24293445
    0.15500779   -2.24201558
    0.19375974   -2.23906659
    0.23251169   -2.23314533
    0.27126364   -2.22217830
    0.31001559   -2.20536665
    0.34876753   -2.18106520
    0.38751948   -2.14784946
    0.42627143   -2.10438708
    0.46502338   -2.21560069
    0.50377533   -2.40372033
    0.54252727   -2.59523386
    0.58127922   -2.78854647
    0.62003117   -2.98141104
    0.65878312   -3.17161040
    0.69753507   -3.35699140
    0.73628701   -3.53549445
    0.77503896   -3.70526473
    0.81379091   -3.86431291
    0.85254286   -4.01109435
    0.89129481   -4.14411581
    0.93004676   -4.26206098
    0.96879870   -4.36378848
    1.00755065   -4.44833210
    1.04630260   -4.51490393
    1.08505455   -4.56274409
    1.12380650   -4.59167747
    1.16255844   -4.60147772
    1.18996021   -4.59657661
    1.21736198   -4.58187263
    1.24476374   -4.55736399
    1.27216551   -4.52308012
    1.29956727   -4.47895274
    1.32696904   -4.42501230
    1.35437080   -4.36125740
    1.38177257   -4.28768898
    1.40917433   -4.20419293
    1.43657610   -4.11100995
    1.46397786   -4.00775771
    1.49137963   -3.89502496
    1.51878139   -3.77269964
    1.54618316   -3.64043478
    1.57358492   -3.49871570
    1.60098669   -3.34768048
    1.62838846   -3.18707267
    1.65579022   -3.01723473
    1.68319199   -2.83837408
    1.71059375   -2.65076809
    1.73799552   -2.73937883
    1.76539728   -2.85111009
    1.79279905   -2.95105895
    1.82020081   -3.03870123
    1.84760258   -3.11359190
    1.87500434   -3.17536074
    1.90240611   -3.22370906
    1.92980787   -3.25840705
    1.95720964   -3.27929190
    1.98461140   -3.28602826
    2.01367537   -3.28748385
    2.04273933   -3.29107224
    2.07180329   -3.29684239
    2.10086725   -3.30448546
    2.12993121   -3.31358043
    2.15899517   -3.32360450
    2.18805913   -3.33391472
    2.21712309   -3.34388678
    2.24618705   -3.35274181
    2.27525102   -3.35968761
    2.30431498   -3.36390228
    2.33337894   -3.36454860
    2.36244290   -3.36078760
    2.39150686   -3.35179067
    2.42057082   -3.33675041
    2.44963478   -3.31488979
    2.47869874   -3.24725614
    2.50776270   -3.19095986
    2.53682667   -3.15636422
    2.56589063   -3.14468424
    2.59945080   -3.18400260
    2.63301097   -3.21982215
    2.66657114   -3.25017081
    2.70013131   -3.27405569
    2.73369148   -3.29044096
    2.76725166   -3.29865327
    2.80081183   -3.29777503
    2.83437200   -3.28752887
    2.86793217   -3.26781674
    2.90149234   -3.23872071
    2.93505251   -3.20037346
    2.96861269   -3.15334557
    3.00217286   -3.09836935
    3.03573303   -3.03643753
    3.06929320   -2.96867553
    3.10285337   -2.89651539
    3.13641354   -2.82151800
    3.16997371   -2.74549762
    3.20353389   -2.67026627
    3.23709406   -2.59768003
    3.27065423   -2.52949647
    3.30421440   -2.46724753
    3.33777457   -2.41179060
    3.37133474   -2.36456070
    3.40489492   -2.32548719
    3.43845509   -2.29447295
    3.47201526   -2.27134435
    3.50557543   -2.25538782
    3.53913560   -2.24591435
    3.57269577   -2.24279647
    3.60009754   -2.24585326
    3.62749930   -2.25498289
    3.65490107   -2.27002201
    3.68230283   -2.29085736
    3.70970460   -2.31675036
    3.73710637   -2.34821589
    3.76450813   -2.38441393
    3.79190990   -2.42488441
    3.81931166   -2.46912050
    3.84671343   -2.51657715
    3.87411519   -2.56667982
    3.90151696   -2.61910420
    3.92891872   -2.67269709
    3.95632049   -2.72711898
    3.98372225   -2.78176109
    4.01112402   -2.83602478
    4.03852578   -2.88932775
    4.06592755   -2.94110959
    4.09332931   -2.99083668
    4.12073108   -3.03800635
    4.14813284   -3.08215046
    4.17553461   -3.12283843
    4.20293638   -3.15971788
    4.23033814   -3.19236319
    4.25773991   -3.22050610
    4.28514167   -3.24389148
    4.31254344   -3.26230334
    4.33994520   -3.27557474
    4.36734697   -3.28358609
    4.39474873   -3.28602826
 
    0.00000000   -2.24279647
    0.03875195   -2.24297287
    0.07750390   -2.24320916
    0.11625584   -2.24293445
    0.15500779   -2.24201558
    0.19375974   -2.23906659
    0.23251169   -2.23314533
    0.27126364   -2.22217830
    0.31001559   -2.20536665
    0.34876753   -2.18106520
    0.38751948   -2.14784946
    0.42627143   -2.10438708
    0.46502338   -2.04949062
    0.50377533   -1.98238969
    0.54252727   -1.90188453
    0.58127922   -1.80773212
    0.62003117   -1.69979688
    0.65878312   -1.57832288
    0.69753507   -1.44398682
    0.73628701   -1.29795781
    0.77503896   -1.14273156
    0.81379091   -0.97836262
    0.85254286   -0.81019718
    0.89129481   -0.64195317
    0.93004676   -0.47723854
    0.96879870   -0.32208481
    1.00755065   -0.18237675
    1.04630260   -0.06461704
    1.08505455    0.02638125
    1.12380650    0.08255047
    1.16255844    0.10169724
    1.18996021    0.08808726
    1.21736198    0.04769542
    1.24476374   -0.01836443
    1.27216551   -0.10891416
    1.29956727   -0.21937527
    1.32696904   -0.34801507
    1.35437080   -0.49183954
    1.38177257   -0.64784851
    1.40917433   -0.81271025
    1.43657610   -0.98460438
    1.46397786   -1.16000805
    1.49137963   -1.33774121
    1.51878139   -1.51535433
    1.54618316   -1.69061673
    1.57358492   -1.86206999
    1.60098669   -2.02864238
    1.62838846   -2.18821257
    1.65579022   -2.34003837
    1.68319199   -2.48309419
    1.71059375   -2.61647372
    1.73799552   -2.45479533
    1.76539728   -2.25098780
    1.79279905   -2.04012234
    1.82020081   -1.82339002
    1.84760258   -1.60272958
    1.87500434   -1.38152982
    1.90240611   -1.16620851
    1.92980787   -0.96986636
    1.95720964   -0.92836133
    1.98461140   -0.92137357
    2.01367537   -0.92071124
    2.04273933   -0.91689352
    2.07180329   -0.91063791
    2.10086725   -0.90210502
    2.12993121   -0.92725849
    2.15899517   -1.16082450
    2.18805913   -1.38160426
    2.21712309   -1.59057426
    2.24618705   -1.78710704
    2.27525102   -1.97114068
    2.30431498   -2.14290891
    2.33337894   -2.30202350
    2.36244290   -2.44875881
    2.39150686   -2.58323168
    2.42057082   -2.70560503
    2.44963478   -2.81609045
    2.47869874   -2.91495057
    2.50776270   -3.00211677
    2.53682667   -3.07858960
    2.56589063   -3.14468424
    2.59945080   -3.06871039
    2.63301097   -3.00766740
    2.66657114   -2.96684381
    2.70013131   -2.95210423
    2.73369148   -2.96850581
    2.76725166   -3.02044457
    2.80081183   -3.11086541
    2.83437200   -3.24165411
    2.86793217   -3.26781674
    2.90149234   -3.23872071
    2.93505251   -3.20037346
    2.96861269   -3.15334557
    3.00217286   -3.09836935
    3.03573303   -3.03643753
    3.06929320   -2.96867553
    3.10285337   -2.89651539
    3.13641354   -2.82151800
    3.16997371   -2.74549762
    3.20353389   -2.67026627
    3.23709406   -2.59768003
    3.27065423   -2.52949647
    3.30421440   -2.46724753
    3.33777457   -2.41179060
    3.37133474   -2.36456070
    3.40489492   -2.32548719
    3.43845509   -2.29447295
    3.47201526   -2.27134435
    3.50557543   -2.25538782
    3.53913560   -2.24591435
    3.57269577   -2.24279647
    3.60009754   -2.24289808
    3.62749930   -2.24328324
    3.65490107   -2.24384593
    3.68230283   -2.24565298
    3.70970460   -2.24876731
    3.73710637   -2.25397696
    3.76450813   -2.26173040
    3.79190990   -2.27275543
    3.81931166   -2.28655471
    3.84671343   -2.30301667
    3.87411519   -2.32101281
    3.90151696   -2.33851856
    3.92891872   -2.35248980
    3.95632049   -2.35879606
    3.98372225   -2.35220411
    4.01112402   -2.32645650
    4.03852578   -2.27456881
    4.06592755   -2.18952026
    4.09332931   -2.06586978
    4.12073108   -1.90083101
    4.14813284   -1.69752719
    4.17553461   -1.46773286
    4.20293638   -1.24278518
    4.23033814   -1.08547639
    4.25773991   -1.00991034
    4.28514167   -0.97139578
    4.31254344   -0.94813833
    4.33994520   -0.93349291
    4.36734697   -0.92522735
    4.39474873   -0.92137357
 
    0.00000000   -2.24279647
    0.03875195   -2.23660629
    0.07750390   -2.21809103
    0.11625584   -2.18743861
    0.15500779   -2.14494224
    0.19375974   -2.09101633
    0.23251169   -2.02619014
    0.27126364   -1.95079174
    0.31001559   -1.86618957
    0.34876753   -1.77293071
    0.38751948   -1.86141980
    0.42627143   -2.03433545
    0.46502338   -2.04949062
    0.50377533   -1.98238969
    0.54252727   -1.90188453
    0.58127922   -1.80773212
    0.62003117   -1.69979688
    0.65878312   -1.57832288
    0.69753507   -1.44398682
    0.73628701   -1.29795781
    0.77503896   -1.14273156
    0.81379091   -0.97836262
    0.85254286   -0.81019718
    0.89129481   -0.64195317
    0.93004676   -0.47723854
    0.96879870   -0.32208481
    1.00755065   -0.18237675
    1.04630260   -0.06461704
    1.08505455    0.02638125
    1.12380650    0.08255047
    1.16255844    0.10169724
    1.18996021    0.09208272
    1.21736198    0.06339899
    1.24476374    0.01548627
    1.27216551   -0.04965666
    1.29956727   -0.13117869
    1.32696904   -0.22756324
    1.35437080   -0.33669567
    1.38177257   -0.45595832
    1.40917433   -0.58158151
    1.43657610   -0.71115263
    1.46397786   -0.83970220
    1.49137963   -0.96285076
    1.51878139   -1.07623593
    1.54618316   -1.17374086
    1.57358492   -1.25175943
    1.60098669   -1.30733389
    1.62838846   -1.33892383
    1.65579022   -1.34731877
    1.68319199   -1.33501387
    1.71059375   -1.30578002
    1.73799552   -1.26401110
    1.76539728   -1.21417527
    1.79279905   -1.16045932
    1.82020081   -1.10658765
    1.84760258   -1.05575584
    1.87500434   -1.01062385
    1.90240611   -0.97333249
    1.92980787   -0.94552433
    1.95720964   -0.81960282
    1.98461140   -0.75968257
    2.01367537   -0.75981846
    2.04273933   -0.75919198
    2.07180329   -0.75816020
    2.10086725   -0.75674835
    2.12993121   -0.89151606
    2.15899517   -0.87914885
    2.18805913   -0.86503072
    2.21712309   -0.85014015
    2.24618705   -0.83458133
    2.27525102   -0.81820808
    2.30431498   -0.80293105
    2.33337894   -0.78795187
    2.36244290   -0.77399033
    2.39150686   -0.76139282
    2.42057082   -0.75044013
    2.44963478   -0.74133646
    2.47869874   -0.73420799
    2.50776270   -0.72910654
    2.53682667   -0.72571914
    2.56589063   -0.72470080
    2.59945080   -0.72556472
    2.63301097   -0.72857838
    2.66657114   -0.73333273
    2.70013131   -0.74025520
    2.73369148   -0.74941674
    2.76725166   -0.76133194
    2.80081183   -0.77499411
    2.83437200   -0.79064871
    2.86793217   -0.80839684
    2.90149234   -0.82798091
    2.93505251   -0.84883051
    2.96861269   -0.87066849
    3.00217286   -0.89301119
    3.03573303   -0.91575764
    3.06929320   -0.93735243
    3.10285337   -0.95755968
    3.13641354   -0.97563067
    3.16997371   -0.99085848
    3.20353389   -1.00253284
    3.23709406   -1.21294692
    3.27065423   -1.40516385
    3.30421440   -1.57817463
    3.33777457   -1.73162324
    3.37133474   -1.86583943
    3.40489492   -1.98004063
    3.43845509   -2.07402368
    3.47201526   -2.14748445
    3.50557543   -2.20054381
    3.53913560   -2.23222296
    3.57269577   -2.24279647
    3.60009754   -2.23673693
    3.62749930   -2.21859848
    3.65490107   -2.18840065
    3.68230283   -2.14654603
    3.70970460   -2.09273778
    3.73710637   -2.02829556
    3.76450813   -1.95320233
    3.79190990   -1.86780842
    3.81931166   -1.77311357
    3.84671343   -1.66965724
    3.87411519   -1.55825444
    3.90151696   -1.44010320
    3.92891872   -1.31564912
    3.95632049   -1.18627938
    3.98372225   -1.12927493
    4.01112402   -1.11242135
    4.03852578   -1.09150626
    4.06592755   -1.06707810
    4.09332931   -1.03973018
    4.12073108   -1.00904245
    4.14813284   -0.97331095
    4.17553461   -0.92624147
    4.20293638   -0.84589658
    4.23033814   -0.78605758
    4.25773991   -0.77842855
    4.28514167   -0.77203685
    4.31254344   -0.76690551
    4.33994520   -0.76315190
    4.36734697   -0.76086327
    4.39474873   -0.75968257
 
    0.00000000   -0.94277316
    0.03875195   -0.95273728
    0.07750390   -0.98254045
    0.11625584   -1.03169155
    0.15500779   -1.10020161
    0.19375974   -1.18718090
    0.23251169   -1.29183920
    0.27126364   -1.41188976
    0.31001559   -1.54844663
    0.34876753   -1.69884397
    0.38751948   -1.67196562
    0.42627143   -1.56433530
    0.46502338   -1.45116283
    0.50377533   -1.33364369
    0.54252727   -1.21303462
    0.58127922   -1.09064103
    0.62003117   -0.96780322
    0.65878312   -0.84588135
    0.69753507   -0.72623946
    0.73628701   -0.61022882
    0.77503896   -0.50003163
    0.81379091   -0.39512993
    0.85254286   -0.29654050
    0.89129481   -0.20799237
    0.93004676   -0.12885857
    0.96879870   -0.06025591
    1.00755065   -0.00298808
    1.04630260    0.04227279
    1.08505455    0.07530100
    1.12380650    0.09507873
    1.16255844    0.10169724
    1.18996021    0.10240338
    1.21736198    0.10451432
    1.24476374    0.10800772
    1.27216551    0.11254484
    1.29956727    0.11866982
    1.32696904    0.12602467
    1.35437080    0.13453112
    1.38177257    0.14409844
    1.40917433    0.15345177
    1.43657610    0.16480590
    1.46397786    0.17701154
    1.49137963    0.18967905
    1.51878139    0.20277206
    1.54618316    0.21620690
    1.57358492    0.22980846
    1.60098669    0.24313897
    1.62838846    0.25661592
    1.65579022    0.26981367
    1.68319199    0.28258628
    1.71059375    0.29479202
    1.73799552    0.30629502
    1.76539728    0.31696685
    1.79279905    0.32668798
    1.82020081    0.33534929
    1.84760258    0.34285330
    1.87500434    0.34911540
    1.90240611    0.35406489
    1.92980787    0.35764580
    1.95720964    0.35981767
    1.98461140    0.36155630
    2.01367537    0.12327653
    2.04273933   -0.15522538
    2.07180329   -0.42410118
    2.10086725   -0.68160344
    2.12993121   -0.75499089
    2.15899517   -0.75293076
    2.18805913   -0.75057314
    2.21712309   -0.74806657
    2.24618705   -0.74542583
    2.27525102   -0.74271563
    2.30431498   -0.74000246
    2.33337894   -0.73735295
    2.36244290   -0.73483225
    2.39150686   -0.73250240
    2.42057082   -0.73042080
    2.44963478   -0.72863875
    2.47869874   -0.72720017
    2.50776270   -0.72566176
    2.53682667   -0.72491512
    2.56589063   -0.72470080
    2.59945080   -0.72556472
    2.63301097   -0.72857838
    2.66657114   -0.73333273
    2.70013131   -0.74025520
    2.73369148   -0.74941674
    2.76725166   -0.76133194
    2.80081183   -0.77499411
    2.83437200   -0.79064871
    2.86793217   -0.80839684
    2.90149234   -0.82798091
    2.93505251   -0.84883051
    2.96861269   -0.87066849
    3.00217286   -0.89301119
    3.03573303   -0.91575764
    3.06929320   -0.93735243
    3.10285337   -0.95755968
    3.13641354   -0.97563067
    3.16997371   -0.99085848
    3.20353389   -1.00253284
    3.23709406   -1.01007300
    3.27065423   -1.01310146
    3.30421440   -1.01154309
    3.33777457   -1.00520558
    3.37133474   -0.99629854
    3.40489492   -0.98456353
    3.43845509   -0.97192033
    3.47201526   -0.96070732
    3.50557543   -0.95139264
    3.53913560   -0.94499698
    3.57269577   -0.94277316
    3.60009754   -0.94599992
    3.62749930   -0.95549848
    3.65490107   -0.97042142
    3.68230283   -0.99051744
    3.70970460   -1.01389504
    3.73710637   -1.03977291
    3.76450813   -1.06611808
    3.79190990   -1.09085543
    3.81931166   -1.11289756
    3.84671343   -1.13047095
    3.87411519   -1.14248618
    3.90151696   -1.14836414
    3.92891872   -1.14787727
    3.95632049   -1.14132999
    3.98372225   -1.05320361
    4.01112402   -0.91773037
    4.03852578   -0.85551937
    4.06592755   -0.84464937
    4.09332931   -0.83418389
    4.12073108   -0.82375061
    4.14813284   -0.81352796
    4.17553461   -0.80370271
    4.20293638   -0.79452148
    4.23033814   -0.68095943
    4.25773991   -0.43167844
    4.28514167   -0.15969909
    4.31254344    0.09405023
    4.33994520    0.30123310
    4.36734697    0.35192930
    4.39474873    0.36155630
 
    0.00000000   -0.94277316
    0.03875195   -0.93880142
    0.07750390   -0.92595826
    0.11625584   -0.90642550
    0.15500779   -0.87975900
    0.19375974   -0.84622915
    0.23251169   -0.80678861
    0.27126364   -0.75958442
    0.31001559   -0.70557374
    0.34876753   -0.64270769
    0.38751948   -0.56756396
    0.42627143   -0.47569368
    0.46502338   -0.35878209
    0.50377533   -0.20585472
    0.54252727   -0.00251684
    0.58127922    0.26626001
    0.62003117    0.61347291
    0.65878312    1.04628669
    0.69753507    1.56437438
    0.73628701    2.16118122
    0.77503896    2.82662424
    0.81379091    3.55036634
    0.85254286    4.32014235
    0.89129481    5.12517123
    0.93004676    5.95351976
    0.96879870    6.78967626
    1.00755065    7.61339333
    1.04630260    8.39074206
    1.08505455    9.06613856
    1.12380650    9.54938288
    1.16255844    9.72963323
    1.18996021    9.68416357
    1.21736198    9.55273984
    1.24476374    9.34809800
    1.27216551    9.08595153
    1.29956727    8.78134996
    1.32696904    8.44650634
    1.35437080    8.09077252
    1.38177257    7.72103172
    1.40917433    7.34229669
    1.43657610    6.95819633
    1.46397786    6.57185428
    1.49137963    6.18438587
    1.51878139    5.79750990
    1.54618316    5.41305387
    1.57358492    5.03136910
    1.60098669    4.65302413
    1.62838846    4.27953446
    1.65579022    3.91112815
    1.68319199    3.54840426
    1.71059375    3.19197104
    1.73799552    2.84248922
    1.76539728    2.50073263
    1.79279905    2.16768559
    1.82020081    1.84471648
    1.84760258    1.53391408
    1.87500434    1.23879193
    1.90240611    0.96586856
    1.92980787    0.72832240
    1.95720964    0.55330809
    1.98461140    0.48553714
    2.01367537    0.73421027
    2.04273933    1.04687363
    2.07180329    1.37265478
    2.10086725    1.70977378
    2.12993121    2.05771025
    2.15899517    2.41616029
    2.18805913    2.78582933
    2.21712309    3.16459738
    2.24618705    3.55322545
    2.27525102    3.95159043
    2.30431498    4.35910819
    2.33337894    4.77624840
    2.36244290    5.20258041
    2.39150686    5.63795996
    2.42057082    6.08225109
    2.44963478    6.53532549
    2.47869874    6.99706175
    2.50776270    7.46827739
    2.53682667    7.94728448
    2.56589063    8.43425433
    2.59945080    7.73308503
    2.63301097    6.99376031
    2.66657114    6.25886913
    2.70013131    5.54431865
    2.73369148    4.85830476
    2.76725166    4.20528064
    2.80081183    3.58953333
    2.83437200    3.01356480
    2.86793217    2.47740500
    2.90149234    1.97998839
    2.93505251    1.52415276
    2.96861269    1.10615699
    3.00217286    0.72324481
    3.03573303    0.37222159
    3.06929320    0.04991851
    3.10285337   -0.24657567
    3.13641354   -0.51881981
    3.16997371   -0.77032720
    3.20353389   -1.00145402
    3.23709406   -1.01007300
    3.27065423   -1.01310146
    3.30421440   -1.01154309
    3.33777457   -1.00520558
    3.37133474   -0.99629854
    3.40489492   -0.98456353
    3.43845509   -0.97192033
    3.47201526   -0.96070732
    3.50557543   -0.95139264
    3.53913560   -0.94499698
    3.57269577   -0.94277316
    3.60009754   -0.94252701
    3.62749930   -0.94178347
    3.65490107   -0.93979588
    3.68230283   -0.93802019
    3.70970460   -0.93458479
    3.73710637   -0.93165053
    3.76450813   -0.92808440
    3.79190990   -0.92407029
    3.81931166   -0.91914036
    3.84671343   -0.91348584
    3.87411519   -0.90709538
    3.90151696   -0.90065929
    3.92891872   -0.89282665
    3.95632049   -0.88432195
    3.98372225   -0.87520836
    4.01112402   -0.86557147
    4.03852578   -0.78126390
    4.06592755   -0.64529817
    4.09332931   -0.51174660
    4.12073108   -0.38159350
    4.14813284   -0.25684287
    4.17553461   -0.13920530
    4.20293638   -0.03156461
    4.23033814    0.06672779
    4.25773991    0.15327078
    4.28514167    0.22602926
    4.31254344    0.28404001
    4.33994520    0.32626486
    4.36734697    0.43773964
    4.39474873    0.48553714
 
    0.00000000   25.27089785
    0.03875195   25.06142732
    0.07750390   24.54184538
    0.11625584   23.88013991
    0.15500779   23.17345547
    0.19375974   22.46795425
    0.23251169   21.78495839
    0.27126364   21.13595716
    0.31001559   20.52475031
    0.34876753   19.95444987
    0.38751948   19.42589638
    0.42627143   18.93890390
    0.46502338   18.49260075
    0.50377533   18.08562677
    0.54252727   17.43272181
    0.58127922   16.68542276
    0.62003117   15.95631712
    0.65878312   15.24812449
    0.69753507   14.56362214
    0.73628701   13.90578166
    0.77503896   13.27701125
    0.81379091   12.68281131
    0.85254286   12.12654068
    0.89129481   11.61255687
    0.93004676   11.14733462
    0.96879870   10.73653691
    1.00755065   10.38701115
    1.04630260   10.10557175
    1.08505455    9.89882725
    1.12380650    9.77226252
    1.16255844    9.72963323
    1.18996021    9.70405915
    1.21736198    9.62990027
    1.24476374    9.51404167
    1.27216551    9.36612303
    1.29956727    9.19634705
    1.32696904    9.01413081
    1.35437080    8.82745912
    1.38177257    8.64261972
    1.40917433    8.46463708
    1.43657610    8.29604403
    1.46397786    8.13959131
    1.49137963    7.99583918
    1.51878139    7.86554533
    1.54618316    7.74884876
    1.57358492    7.64496600
    1.60098669    7.55340115
    1.62838846    7.47334643
    1.65579022    7.40389636
    1.68319199    7.34412006
    1.71059375    7.29309289
    1.73799552    7.24992199
    1.76539728    7.21376374
    1.79279905    7.18383605
    1.82020081    7.15942731
    1.84760258    7.13990356
    1.87500434    7.12471478
    1.90240611    7.11340071
    1.92980787    7.10559634
    1.95720964    7.10103676
    1.98461140    7.10048653
    2.01367537    7.10161958
    2.04273933    7.10728730
    2.07180329    7.11707696
    2.10086725    7.13145214
    2.12993121    7.15105994
    2.15899517    7.17672764
    2.18805913    7.20948464
    2.21712309    7.25042844
    2.24618705    7.30088404
    2.27525102    7.36226471
    2.30431498    7.43588530
    2.33337894    7.52309857
    2.36244290    7.62488035
    2.39150686    7.74157308
    2.42057082    7.87229761
    2.44963478    8.01393179
    2.47869874    8.15931091
    2.50776270    8.29453990
    2.53682667    8.39570741
    2.56589063    8.43425433
    2.59945080    8.77427359
    2.63301097    9.13836424
    2.66657114    9.52662089
    2.70013131    9.93782479
    2.73369148   10.37137042
    2.76725166   10.82645397
    2.80081183   11.30338736
    2.83437200   11.80164632
    2.86793217   12.32081686
    2.90149234   12.86072481
    2.93505251   13.42148558
    2.96861269   14.00284838
    3.00217286   14.60465468
    3.03573303   15.22668809
    3.06929320   15.86864606
    3.10285337   16.53008386
    3.13641354   17.21036354
    3.16997371   17.90856636
    3.20353389   18.62337755
    3.23709406   19.35290126
    3.27065423   20.09438585
    3.30421440   20.84378999
    3.33777457   21.59517363
    3.37133474   22.33917847
    3.40489492   23.06212179
    3.43845509   23.74258018
    3.47201526   24.34877400
    3.50557543   24.83700678
    3.53913560   25.15836631
    3.57269577   25.27089785
    3.60009754   25.16633013
    3.62749930   24.87084668
    3.65490107   24.42528508
    3.68230283   23.86968755
    3.70970460   23.23619729
    3.73710637   22.54668670
    3.76450813   21.81754485
    3.79190990   21.06063169
    3.81931166   20.28438160
    3.84671343   19.49564619
    3.87411519   18.69968682
    3.90151696   17.90058109
    3.92891872   17.10215880
    3.95632049   16.30725198
    3.98372225   15.51851832
    4.01112402   14.73841618
    4.03852578   13.96932827
    4.06592755   13.21368855
    4.09332931   12.47389666
    4.12073108   11.75325815
    4.14813284   11.05506721
    4.17553461   10.38358335
    4.20293638    9.74408815
    4.23033814    9.14392161
    4.25773991    8.59311067
    4.28514167    8.10242411
    4.31254344    7.68855117
    4.33994520    7.37066161
    4.36734697    7.16891882
    4.39474873    7.10048653
 
    0.00000000   25.27089785
    0.03875195   25.23935171
    0.07750390   25.13445057
    0.11625584   24.92850050
    0.15500779   24.59113812
    0.19375974   24.11310962
    0.23251169   23.51427576
    0.27126364   22.82959565
    0.31001559   22.09113456
    0.34876753   21.32264928
    0.38751948   20.53995233
    0.42627143   19.75347790
    0.46502338   18.97029855
    0.50377533   18.19538301
    0.54252727   17.43272181
    0.58127922   16.68542276
    0.62003117   15.95631712
    0.65878312   15.24812449
    0.69753507   14.56362214
    0.73628701   13.90578166
    0.77503896   13.27701125
    0.81379091   12.68281131
    0.85254286   12.12654068
    0.89129481   11.61255687
    0.93004676   11.14733462
    0.96879870   10.73653691
    1.00755065   10.38701115
    1.04630260   10.10557175
    1.08505455    9.89882725
    1.12380650    9.77226252
    1.16255844    9.72963323
    1.18996021    9.75096898
    1.21736198    9.81455725
    1.24476374    9.91918001
    1.27216551   10.06296015
    1.29956727   10.24354308
    1.32696904   10.45823205
    1.35437080   10.70422852
    1.38177257   10.97875609
    1.40917433   11.27954110
    1.43657610   11.60336662
    1.46397786   11.94874665
    1.49137963   12.31294126
    1.51878139   12.69454538
    1.54618316   13.09201122
    1.57358492   13.50395040
    1.60098669   13.92911788
    1.62838846   14.36640660
    1.65579022   14.81474693
    1.68319199   15.27308995
    1.71059375   15.74032722
    1.73799552   16.21518913
    1.76539728   16.69608862
    1.79279905   17.18086388
    1.82020081   17.66632735
    1.84760258   18.07567821
    1.87500434   18.16644181
    1.90240611   18.24233618
    1.92980787   18.29974464
    1.95720964   18.33557761
    1.98461140   18.34818623
    2.01367537   18.24407656
    2.04273933   17.95936487
    2.07180329   17.54978940
    2.10086725   17.06484076
    2.12993121   16.53724559
    2.15899517   15.98662654
    2.18805913   15.42460491
    2.21712309   14.85808173
    2.24618705   14.29137381
    2.27525102   13.72719389
    2.30431498   13.16730054
    2.33337894   12.61285961
    2.36244290   12.06466059
    2.39150686   11.52324988
    2.42057082   10.98901493
    2.44963478   10.46223848
    2.47869874    9.94313438
    2.50776270    9.43218646
    2.53682667    8.92943346
    2.56589063    8.43425433
    2.59945080    8.77427359
    2.63301097    9.13836424
    2.66657114    9.52662089
    2.70013131    9.93782479
    2.73369148   10.37137042
    2.76725166   10.82645397
    2.80081183   11.30338736
    2.83437200   11.80164632
    2.86793217   12.32081686
    2.90149234   12.86072481
    2.93505251   13.42148558
    2.96861269   14.00284838
    3.00217286   14.60465468
    3.03573303   15.22668809
    3.06929320   15.86864606
    3.10285337   16.53008386
    3.13641354   17.21036354
    3.16997371   17.90856636
    3.20353389   18.62337755
    3.23709406   19.35290126
    3.27065423   20.09438585
    3.30421440   20.84378999
    3.33777457   21.59517363
    3.37133474   22.33917847
    3.40489492   23.06212179
    3.43845509   23.74258018
    3.47201526   24.34877401
    3.50557543   24.83700679
    3.53913560   25.15836632
    3.57269577   25.27089785
    3.60009754   25.25060848
    3.62749930   25.18796586
    3.65490107   25.07856827
    3.68230283   24.91739659
    3.70970460   24.70279570
    3.73710637   24.43707173
    3.76450813   24.12820132
    3.79190990   23.78644518
    3.81931166   23.42235075
    3.84671343   23.04526014
    3.87411519   22.66283747
    3.90151696   22.28112073
    3.92891872   21.90487151
    3.95632049   21.53779501
    3.98372225   21.18285082
    4.01112402   20.84244067
    4.03852578   20.51855375
    4.06592755   20.21291944
    4.09332931   19.92688604
    4.12073108   19.66175949
    4.14813284   19.41864706
    4.17553461   19.19852765
    4.20293638   19.00226168
    4.23033814   18.83061837
    4.25773991   18.68426334
    4.28514167   18.56373668
    4.31254344   18.46950981
    4.33994520   18.40194418
    4.36734697   18.36129952
    4.39474873   18.34818623
 
    0.00000000   25.27089803
    0.03875195   25.23935173
    0.07750390   25.13445058
    0.11625584   24.92850051
    0.15500779   24.59113813
    0.19375974   24.11310962
    0.23251169   23.51427577
    0.27126364   22.82959565
    0.31001559   22.09113456
    0.34876753   21.32264928
    0.38751948   20.53995233
    0.42627143   19.75347790
    0.46502338   18.97029855
    0.50377533   18.19538301
    0.54252727   17.71631899
    0.58127922   17.38277965
    0.62003117   17.08297925
    0.65878312   16.81482284
    0.69753507   16.57620797
    0.73628701   16.36507256
    0.77503896   16.17941348
    0.81379091   16.01748106
    0.85254286   15.87733891
    0.89129481   15.75750187
    0.93004676   15.65655518
    0.96879870   15.57325983
    1.00755065   15.50656429
    1.04630260   15.45560152
    1.08505455   15.42008457
    1.12380650   15.39870781
    1.16255844   15.39161441
    1.18996021   15.41274751
    1.21736198   15.47330531
    1.24476374   15.56562387
    1.27216551   15.67975346
    1.29956727   15.80594235
    1.32696904   15.93605889
    1.35437080   16.06470735
    1.38177257   16.18899934
    1.40917433   16.30801080
    1.43657610   16.42195895
    1.46397786   16.53191583
    1.49137963   16.63907335
    1.51878139   16.74448505
    1.54618316   16.84991210
    1.57358492   16.95608485
    1.60098669   17.06375470
    1.62838846   17.17352690
    1.65579022   17.28560977
    1.68319199   17.39992855
    1.71059375   17.51604298
    1.73799552   17.63309263
    1.76539728   17.74973742
    1.79279905   17.86410299
    1.82020081   17.97374793
    1.84760258   18.14742927
    1.87500434   18.61562779
    1.90240611   19.05562954
    1.92980787   19.43918123
    1.95720964   19.71660309
    1.98461140   19.82166816
    2.01367537   19.71437783
    2.04273933   19.41467037
    2.07180329   18.96966696
    2.10086725   18.42840609
    2.12993121   17.82895331
    2.15899517   17.19769878
    2.18805913   16.55272994
    2.21712309   15.90570416
    2.24618705   15.26571070
    2.27525102   14.63942372
    2.30431498   14.03211919
    2.33337894   13.44886439
    2.36244290   12.89407123
    2.39150686   12.37255063
    2.42057082   11.88995813
    2.44963478   11.45376353
    2.47869874   11.07495090
    2.50776270   10.77090546
    2.53682667   10.56725532
    2.56589063   10.49438001
    2.59945080   10.57272100
    2.63301097   10.75556757
    2.66657114   11.00659370
    2.70013131   11.31374336
    2.73369148   11.67302309
    2.76725166   12.08308797
    2.80081183   12.54331880
    2.83437200   13.05321300
    2.86793217   13.61145000
    2.90149234   14.21650682
    2.93505251   14.86685866
    2.96861269   15.56004487
    3.00217286   16.29351637
    3.03573303   17.06450136
    3.06929320   17.87016621
    3.10285337   18.70753515
    3.13641354   19.57419488
    3.16997371   20.46587705
    3.20353389   21.38012321
    3.23709406   22.31378822
    3.27065423   23.26362441
    3.30421440   24.22622844
    3.33777457   25.19807689
    3.37133474   25.82194151
    3.40489492   25.65370300
    3.43845509   25.51605259
    3.47201526   25.40855472
    3.50557543   25.33207884
    3.53913560   25.28619312
    3.57269577   25.27089791
    3.60009754   25.25567332
    3.62749930   25.21112486
    3.65490107   25.14055475
    3.68230283   25.04801769
    3.70970460   24.93951148
    3.73710637   24.81830512
    3.76450813   24.68964890
    3.79190990   24.55726061
    3.81931166   24.42414080
    3.84671343   24.29263093
    3.87411519   24.16450801
    3.90151696   24.04091239
    3.92891872   23.92315990
    3.95632049   23.81170931
    3.98372225   23.59276828
    4.01112402   23.15320041
    4.03852578   22.73373195
    4.06592755   22.33584025
    4.09332931   21.96074110
    4.12073108   21.61071457
    4.14813284   21.28711059
    4.17553461   20.99161939
    4.20293638   20.72523102
    4.23033814   20.49096428
    4.25773991   20.28978902
    4.28514167   20.12294598
    4.31254344   19.99177495
    4.33994520   19.89730386
    4.36734697   19.84029959
    4.39474873   19.82166816
 
    0.00000000   29.63279576
    0.03875195   29.36587944
    0.07750390   28.74750776
    0.11625584   27.98612237
    0.15500779   27.16964186
    0.19375974   26.33562268
    0.23251169   25.50423205
    0.27126364   24.68965506
    0.31001559   23.90200923
    0.34876753   23.14960751
    0.38751948   22.43936222
    0.42627143   21.77643962
    0.46502338   21.16512704
    0.50377533   20.60820157
    0.54252727   20.10719383
    0.58127922   19.66204107
    0.62003117   19.27123084
    0.65878312   18.93172722
    0.69753507   18.63895589
    0.73628701   18.38676632
    0.77503896   18.16727629
    0.81379091   17.97119637
    0.85254286   17.78519028
    0.89129481   17.59333165
    0.93004676   17.37498450
    0.96879870   17.10480069
    1.00755065   16.76026601
    1.04630260   16.34094630
    1.08505455   15.89607086
    1.12380650   15.53460400
    1.16255844   15.39161441
    1.18996021   15.44823087
    1.21736198   15.61311868
    1.24476374   15.87361246
    1.27216551   16.21392742
    1.29956727   16.61954324
    1.32696904   17.07826823
    1.35437080   17.58099041
    1.38177257   18.12110081
    1.40917433   18.69389962
    1.43657610   19.29606860
    1.46397786   19.92530760
    1.49137963   20.57994396
    1.51878139   21.25866989
    1.54618316   21.96108875
    1.57358492   22.68638539
    1.60098669   23.43402952
    1.62838846   24.20390457
    1.65579022   24.99555201
    1.68319199   25.80861645
    1.71059375   26.64265311
    1.73799552   27.45400650
    1.76539728   26.78778425
    1.79279905   26.13988535
    1.82020081   25.51336096
    1.84760258   24.91313475
    1.87500434   24.34763710
    1.90240611   23.83206745
    1.92980787   23.39460460
    1.95720964   23.08487435
    1.98461140   22.96953121
    2.01367537   23.08955652
    2.04273933   23.42266492
    2.07180329   23.91289156
    2.10086725   24.51075812
    2.12993121   25.18354759
    2.15899517   25.91163671
    2.18805913   26.68343819
    2.21712309   27.49189913
    2.24618705   28.33265316
    2.27525102   29.20283244
    2.30431498   30.10044595
    2.33337894   31.02399602
    2.36244290   31.97223290
    2.39150686   32.94397933
    2.42057082   33.93797570
    2.44963478   34.95268469
    2.47869874   35.98590111
    2.50776270   37.03375280
    2.53682667   38.08495380
    2.56589063   39.02966095
    2.59945080   38.12857343
    2.63301097   37.25768181
    2.66657114   36.41745060
    2.70013131   35.60767650
    2.73369148   34.82837493
    2.76725166   34.07796202
    2.80081183   33.35965159
    2.83437200   32.67185095
    2.86793217   32.01456986
    2.90149234   31.38780782
    2.93505251   30.79159081
    2.96861269   30.22591667
    3.00217286   29.69079160
    3.03573303   29.18622111
    3.06929320   28.71221016
    3.10285337   28.26876316
    3.13641354   27.85588408
    3.16997371   27.47357645
    3.20353389   27.12184339
    3.23709406   26.80068772
    3.27065423   26.51011189
    3.30421440   26.25011808
    3.33777457   26.02076697
    3.37133474   26.17497632
    3.40489492   27.15271601
    3.43845509   28.12629503
    3.47201526   29.08969775
    3.50557543   29.63237278
    3.53913560   29.62795247
    3.57269577   29.63279576
    3.60009754   29.56160811
    3.62749930   29.38867676
    3.65490107   29.18765470
    3.68230283   29.01225475
    3.70970460   28.83219560
    3.73710637   28.25362872
    3.76450813   27.68501009
    3.79190990   27.12728382
    3.81931166   26.58083502
    3.84671343   26.04665843
    3.87411519   25.52561442
    3.90151696   25.01862083
    3.92891872   24.52673090
    3.95632049   24.05104484
    3.98372225   23.70699653
    4.01112402   23.60928960
    4.03852578   23.51873118
    4.06592755   23.43537210
    4.09332931   23.35919754
    4.12073108   23.29014752
    4.14813284   23.22813291
    4.17553461   23.17304775
    4.20293638   23.12477796
    4.23033814   23.08321324
    4.25773991   23.04825092
    4.28514167   23.01978223
    4.31254344   22.99773095
    4.33994520   22.98203045
    4.36734697   22.97263195
    4.39474873   22.96953121
 
    0.00000000   29.63282281
    0.03875195   29.89499881
    0.07750390   30.31239159
    0.11625584   29.75510226
    0.15500779   29.38631180
    0.19375974   29.22150204
    0.23251169   29.24279901
    0.27126364   29.41632742
    0.31001559   29.70840578
    0.34876753   30.09460133
    0.38751948   30.55765822
    0.42627143   31.08559563
    0.46502338   31.66983478
    0.50377533   32.30376473
    0.54252727   32.98282978
    0.58127922   33.70287260
    0.62003117   34.04101034
    0.65878312   32.56944523
    0.69753507   31.09726356
    0.73628701   29.64687981
    0.77503896   28.23219309
    0.81379091   26.86613451
    0.85254286   25.56160993
    0.89129481   24.33596379
    0.93004676   23.21340856
    0.96879870   22.22627745
    1.00755065   21.41190368
    1.04630260   20.79870071
    1.08505455   20.38912025
    1.12380650   20.16093554
    1.16255844   20.08840226
    1.18996021   20.12421242
    1.21736198   20.23178140
    1.24476374   20.41131034
    1.27216551   20.66251976
    1.29956727   20.98403485
    1.32696904   21.37294084
    1.35437080   21.82473690
    1.38177257   22.33361283
    1.40917433   22.89301951
    1.43657610   23.49544728
    1.46397786   24.13352042
    1.49137963   24.79889395
    1.51878139   25.48233106
    1.54618316   26.17254199
    1.57358492   26.85379113
    1.60098669   27.50252688
    1.62838846   28.08208854
    1.65579022   28.53738844
    1.68319199   28.80453225
    1.71059375   28.13653017
    1.73799552   27.49704372
    1.76539728   28.37086731
    1.79279905   28.12976442
    1.82020081   27.80208884
    1.84760258   27.49120832
    1.87500434   27.21576546
    1.90240611   26.98887581
    1.92980787   26.82006811
    1.95720964   26.71605889
    1.98461140   26.68095520
    2.01367537   26.80320433
    2.04273933   27.14909700
    2.07180329   27.67093059
    2.10086725   28.31942979
    2.12993121   29.05615545
    2.15899517   29.85415933
    2.18805913   30.69491413
    2.21712309   31.56480187
    2.24618705   32.45347939
    2.27525102   33.35243524
    2.30431498   34.25182267
    2.33337894   35.14261106
    2.36244290   36.01339897
    2.39150686   36.84990209
    2.42057082   37.55985823
    2.44963478   37.92479699
    2.47869874   38.30562015
    2.50776270   38.69699127
    2.53682667   39.02297188
    2.56589063   39.02966098
    2.59945080   38.85291496
    2.63301097   38.32100860
    2.66657114   37.76629625
    2.70013131   37.21821584
    2.73369148   36.68639352
    2.76725166   36.17430592
    2.80081183   35.68678515
    2.83437200   35.22409394
    2.86793217   34.78688492
    2.90149234   34.37529394
    2.93505251   33.98931488
    2.96861269   33.62845524
    3.00217286   33.29206360
    3.03573303   32.97902748
    3.06929320   32.68861725
    3.10285337   32.41893703
    3.13641354   32.16736468
    3.16997371   31.92908553
    3.20353389   31.69384099
    3.23709406   31.43983362
    3.27065423   31.14152095
    3.30421440   30.81177540
    3.33777457   30.49072043
    3.37133474   30.20456188
    3.40489492   29.96837016
    3.43845509   29.79186247
    3.47201526   29.68075519
    3.50557543   29.63237405
    3.53913560   29.62795346
    3.57269577   29.63281750
    3.60009754   29.69706571
    3.62749930   29.86147994
    3.65490107   29.95430318
    3.68230283   29.41957279
    3.70970460   28.89293715
    3.73710637   28.84119437
    3.76450813   28.57067603
    3.79190990   28.27910833
    3.81931166   28.02028273
    3.84671343   27.79176246
    3.87411519   27.59128067
    3.90151696   27.41670032
    3.92891872   27.26601415
    3.95632049   27.13731947
    3.98372225   27.02879045
    4.01112402   26.93865261
    4.03852578   26.86516321
    4.06592755   26.80659950
    4.09332931   26.76118106
    4.12073108   26.72733143
    4.14813284   26.70329442
    4.17553461   26.68740264
    4.20293638   26.67802324
    4.23033814   26.67361470
    4.25773991   26.67277461
    4.28514167   26.67402373
    4.31254344   26.67628878
    4.33994520   26.67861983
    4.36734697   26.68030975
    4.39474873   26.68095520
 
    0.00000000   31.61720401
    0.03875195   31.01220995
    0.07750390   30.31239299
    0.11625584   29.75510405
    0.15500779   29.38631239
    0.19375974   29.22150214
    0.23251169   29.24279903
    0.27126364   29.41632745
    0.31001559   29.70840582
    0.34876753   30.09460142
    0.38751948   30.55765824
    0.42627143   31.08559569
    0.46502338   31.66983480
    0.50377533   32.30376479
    0.54252727   32.98282979
    0.58127922   33.70287262
    0.62003117   34.16253277
    0.65878312   34.53360579
    0.69753507   34.93509923
    0.73628701   35.36713435
    0.77503896   35.82908962
    0.81379091   36.32098695
    0.85254286   36.84023819
    0.89129481   37.37970384
    0.93004676   37.93481903
    0.96879870   38.49434232
    1.00755065   39.04076898
    1.04630260   39.54675833
    1.08505455   39.97366366
    1.12380650   40.26414369
    1.16255844   40.36856217
    1.18996021   40.31507479
    1.21736198   40.15248899
    1.24476374   39.87608607
    1.27216551   39.48471593
    1.29956727   38.98941154
    1.32696904   38.40506404
    1.35437080   37.75223511
    1.38177257   37.05076327
    1.40917433   36.31708310
    1.43657610   35.56387309
    1.46397786   34.80032221
    1.49137963   34.03303444
    1.51878139   33.26634574
    1.54618316   32.50464603
    1.57358492   31.74997759
    1.60098669   31.00397491
    1.62838846   30.26867385
    1.65579022   29.54496311
    1.68319199   28.83390164
    1.71059375   28.85055961
    1.73799552   28.70769398
    1.76539728   28.44618096
    1.79279905   29.26267904
    1.82020081   30.17009592
    1.84760258   31.08894828
    1.87500434   32.01136288
    1.90240611   32.92091025
    1.92980787   33.77871901
    1.95720964   34.48146787
    1.98461140   34.78446726
    2.01367537   34.79705253
    2.04273933   34.83520068
    2.07180329   34.89872664
    2.10086725   34.98753632
    2.12993121   35.10149694
    2.15899517   35.24043564
    2.18805913   35.40438492
    2.21712309   35.59256475
    2.24618705   35.80493675
    2.27525102   36.04114265
    2.30431498   36.30055061
    2.33337894   36.58296441
    2.36244290   36.88758288
    2.39150686   37.21358168
    2.42057082   37.63361413
    2.44963478   38.34064260
    2.47869874   38.94149867
    2.50776270   39.00283822
    2.53682667   39.06839371
    2.56589063   39.02966514
    2.59945080   38.85291625
    2.63301097   38.32100869
    2.66657114   37.76629784
    2.70013131   37.21821754
    2.73369148   36.68639353
    2.76725166   36.17430603
    2.80081183   35.68678521
    2.83437200   35.22409399
    2.86793217   34.78688492
    2.90149234   34.37529394
    2.93505251   33.98931489
    2.96861269   33.62845524
    3.00217286   33.29206360
    3.03573303   32.97902748
    3.06929320   32.68861725
    3.10285337   32.41893703
    3.13641354   32.16736468
    3.16997371   31.92908554
    3.20353389   31.69384100
    3.23709406   31.43983363
    3.27065423   31.14152097
    3.30421440   30.81177562
    3.33777457   30.49072046
    3.37133474   30.20456195
    3.40489492   29.96837098
    3.43845509   29.79186317
    3.47201526   29.68076080
    3.50557543   30.03484774
    3.53913560   30.94583776
    3.57269577   31.61720401
    3.60009754   31.20631450
    3.62749930   30.61466388
    3.65490107   30.01484746
    3.68230283   29.64464263
    3.70970460   29.25772364
    3.73710637   28.89672397
    3.76450813   28.85870835
    3.79190990   28.94055398
    3.81931166   29.07994941
    3.84671343   29.26982899
    3.87411519   29.50418730
    3.90151696   29.77798129
    3.92891872   30.08764082
    3.95632049   30.42990858
    3.98372225   30.80225851
    4.01112402   31.20258490
    4.03852578   31.62908097
    4.06592755   32.08015579
    4.09332931   32.55432469
    4.12073108   33.05021639
    4.14813284   33.56645899
    4.17553461   34.10162150
    4.20293638   34.65406663
    4.23033814   34.71449885
    4.25773991   34.74055218
    4.28514167   34.75852370
    4.31254344   34.77073566
    4.33994520   34.77848765
    4.36734697   34.78275890
    4.39474873   34.78446726
 
    0.00000000   31.61720401
    0.03875195   31.01232470
    0.07750390   30.57266044
    0.11625584   31.49867076
    0.15500779   31.75568828
    0.19375974   31.83493300
    0.23251169   31.93308566
    0.27126364   32.05133802
    0.31001559   32.18968412
    0.34876753   32.34951972
    0.38751948   32.53189071
    0.42627143   32.73790633
    0.46502338   32.96871583
    0.50377533   33.22548056
    0.54252727   33.50934007
    0.58127922   33.82137053
    0.62003117   34.46065444
    0.65878312   35.25349330
    0.69753507   36.07915359
    0.73628701   36.93576973
    0.77503896   37.82147186
    0.81379091   38.73583305
    0.85254286   39.67796530
    0.89129481   40.64524586
    0.93004676   41.63823813
    0.96879870   42.65613190
    1.00755065   43.69853987
    1.04630260   44.76502512
    1.08505455   45.85980670
    1.12380650   46.97380615
    1.16255844   48.09022392
    1.18996021   47.29122013
    1.21736198   46.40028091
    1.24476374   45.49464212
    1.27216551   44.57256938
    1.29956727   43.64370341
    1.32696904   42.71317398
    1.35437080   41.78695108
    1.38177257   40.87027080
    1.40917433   39.96801585
    1.43657610   39.08467124
    1.46397786   38.22530593
    1.49137963   37.39551298
    1.51878139   36.60241598
    1.54618316   35.85572116
    1.57358492   35.16976819
    1.60098669   34.56708518
    1.62838846   34.08393911
    1.65579022   33.77504863
    1.68319199   33.70426355
    1.71059375   33.90464727
    1.73799552   34.34408947
    1.76539728   34.95223242
    1.79279905   35.66456998
    1.82020081   36.43525280
    1.84760258   37.23106372
    1.87500434   38.02227986
    1.90240611   38.77299057
    1.92980787   39.34990435
    1.95720964   38.57752506
    1.98461140   38.25195699
    2.01367537   38.25537512
    2.04273933   38.26598236
    2.07180329   38.28356296
    2.10086725   38.30797115
    2.12993121   38.33899040
    2.15899517   38.37632043
    2.18805913   38.41960270
    2.21712309   38.46822911
    2.24618705   38.52157191
    2.27525102   38.57878707
    2.30431498   38.63882390
    2.33337894   38.70040376
    2.36244290   38.76199662
    2.39150686   38.82181943
    2.42057082   38.87786651
    2.44963478   38.92797212
    2.47869874   38.96994477
    2.50776270   39.40361989
    2.53682667   39.69550947
    2.56589063   39.79531192
    2.59945080   39.74698819
    2.63301097   39.67688163
    2.66657114   39.59292824
    2.70013131   39.50062754
    2.73369148   39.40456137
    2.76725166   39.30829299
    2.80081183   39.21465070
    2.83437200   39.12566263
    2.86793217   38.73958855
    2.90149234   38.03303419
    2.93505251   37.32949908
    2.96861269   36.63535795
    3.00217286   35.95556822
    3.03573303   35.29428788
    3.06929320   34.65570014
    3.10285337   34.04391368
    3.13641354   33.46404277
    3.16997371   32.92334307
    3.20353389   32.43475503
    3.23709406   32.02298798
    3.27065423   31.71690678
    3.30421440   31.50759022
    3.33777457   31.36017803
    3.37133474   31.25411970
    3.40489492   31.18381981
    3.43845509   31.15191660
    3.47201526   31.16908793
    3.50557543   31.25651980
    3.53913560   31.43860550
    3.57269577   31.61720401
    3.60009754   31.23348896
    3.62749930   30.72976466
    3.65490107   30.41494994
    3.68230283   30.59587777
    3.70970460   30.92383015
    3.73710637   31.27639105
    3.76450813   31.63109867
    3.79190990   31.97797933
    3.81931166   32.31061807
    3.84671343   32.62502168
    3.87411519   32.91832312
    3.90151696   33.18857059
    3.92891872   33.43472110
    3.95632049   33.65628185
    3.98372225   33.85335919
    4.01112402   34.02652708
    4.03852578   34.17674034
    4.06592755   34.30537173
    4.09332931   34.41368063
    4.12073108   34.50347285
    4.14813284   34.57655286
    4.17553461   34.63481956
    4.20293638   34.68006644
    4.23033814   35.22188316
    4.25773991   35.80229295
    4.28514167   36.39078988
    4.31254344   36.97869256
    4.33994520   37.54530644
    4.36734697   38.02964946
    4.39474873   38.25195699
 
    0.00000000   31.61750832
    0.03875195   31.62579997
    0.07750390   31.65153545
    0.11625584   31.69472167
    0.15500779   32.57288110
    0.19375974   33.74955447
    0.23251169   35.00592129
    0.27126364   35.91455520
    0.31001559   36.41553443
    0.34876753   36.87560531
    0.38751948   37.28605810
    0.42627143   37.61733762
    0.46502338   37.78315541
    0.50377533   37.56024455
    0.54252727   36.72628867
    0.58127922   35.46556795
    0.62003117   34.46065445
    0.65878312   35.25349331
    0.69753507   36.07915360
    0.73628701   36.93576973
    0.77503896   37.82147186
    0.81379091   38.73583305
    0.85254286   39.67796531
    0.89129481   40.64524587
    0.93004676   41.63823815
    0.96879870   42.65613208
    1.00755065   43.69854139
    1.04630260   44.76502551
    1.08505455   45.86006390
    1.12380650   46.97617897
    1.16255844   48.09030467
    1.18996021   47.34980667
    1.21736198   46.68298441
    1.24476374   46.13781089
    1.27216551   45.72044401
    1.29956727   45.43306581
    1.32696904   45.26094029
    1.35437080   45.18688028
    1.38177257   45.19327475
    1.40917433   45.26430390
    1.43657610   45.39019920
    1.46397786   45.56196711
    1.49137963   45.77243604
    1.51878139   46.01749237
    1.54618316   46.29363492
    1.57358492   46.59821830
    1.60098669   46.92913649
    1.62838846   47.28488366
    1.65579022   47.66379106
    1.68319199   48.06506820
    1.71059375   48.48672629
    1.73799552   47.39873423
    1.76539728   46.13947111
    1.79279905   44.90468145
    1.82020081   43.69849711
    1.84760258   42.52591377
    1.87500434   41.39538628
    1.90240611   40.32368163
    1.92980787   39.42853307
    1.95720964   39.90118221
    1.98461140   40.08004644
    2.01367537   40.09813983
    2.04273933   40.15308859
    2.07180329   40.24385853
    2.10086725   40.36909149
    2.12993121   40.52671855
    2.15899517   40.71372403
    2.18805913   40.92572781
    2.21712309   41.15626684
    2.24618705   41.39551283
    2.27525102   41.62805673
    2.30431498   41.82980528
    2.33337894   41.96534373
    2.36244290   41.99231632
    2.39150686   41.88255071
    2.42057082   41.64243693
    2.44963478   41.30747364
    2.47869874   40.91667024
    2.50776270   40.50028859
    2.53682667   40.08821418
    2.56589063   39.79531245
    2.59945080   40.38050353
    2.63301097   41.12745853
    2.66657114   41.57932275
    2.70013131   41.60743349
    2.73369148   41.28013357
    2.76725166   40.74920405
    2.80081183   40.11848692
    2.83437200   39.43976356
    2.86793217   38.73958861
    2.90149234   38.03303424
    2.93505251   37.32949917
    2.96861269   36.63535796
    3.00217286   35.95556825
    3.03573303   35.29428789
    3.06929320   34.65570017
    3.10285337   34.04391371
    3.13641354   33.46404280
    3.16997371   32.92334315
    3.20353389   32.43475514
    3.23709406   32.02298800
    3.27065423   31.71690681
    3.30421440   31.50759037
    3.33777457   31.36017804
    3.37133474   31.25411980
    3.40489492   31.18382083
    3.43845509   31.15191786
    3.47201526   31.16911971
    3.50557543   31.25652910
    3.53913560   31.43863696
    3.57269577   31.61756084
    3.60009754   31.65512885
    3.62749930   31.76771930
    3.65490107   31.95186665
    3.68230283   32.20264869
    3.70970460   32.51617866
    3.73710637   32.88467164
    3.76450813   33.30445561
    3.79190990   33.77127397
    3.81931166   34.28156166
    3.84671343   34.83234135
    3.87411519   35.42115820
    3.90151696   36.04598984
    3.92891872   36.70516102
    3.95632049   37.39722088
    3.98372225   38.12097657
    4.01112402   38.87532130
    4.03852578   39.65930459
    4.06592755   40.47201242
    4.09332931   41.31256762
    4.12073108   42.17993566
    4.14813284   43.07328061
    4.17553461   43.99221703
    4.20293638   44.35304508
    4.23033814   43.60896154
    4.25773991   42.87660139
    4.28514167   42.16293369
    4.31254344   41.47744784
    4.33994520   40.84108737
    4.36734697   40.31488155
    4.39474873   40.08004632
 
    0.00000000   32.16099862
    0.03875195   32.42144551
    0.07750390   32.93330543
    0.11625584   33.55730218
    0.15500779   34.18969116
    0.19375974   34.79889892
    0.23251169   35.37504726
    0.27126364   36.33158769
    0.31001559   37.71713334
    0.34876753   39.15947251
    0.38751948   40.65598761
    0.42627143   42.21059652
    0.46502338   41.90588950
    0.50377533   40.95586618
    0.54252727   40.63270747
    0.58127922   40.76591656
    0.62003117   41.10309624
    0.65878312   41.53589766
    0.69753507   42.02512848
    0.73628701   42.55484794
    0.77503896   43.11682496
    0.81379091   43.70682527
    0.85254286   44.31821895
    0.89129481   44.94300378
    0.93004676   45.57293934
    0.96879870   46.19311983
    1.00755065   46.78295032
    1.04630260   47.31269686
    1.08505455   47.75498194
    1.12380650   48.04184440
    1.16255844   48.09048410
    1.18996021   48.09519763
    1.21736198   48.10848394
    1.24476374   48.13116150
    1.27216551   48.16225167
    1.29956727   48.20298025
    1.32696904   48.25309944
    1.35437080   48.31194951
    1.38177257   48.38012700
    1.40917433   48.45378920
    1.43657610   48.54026582
    1.46397786   48.63671447
    1.49137963   48.74113026
    1.51878139   48.85431904
    1.54618316   48.97600162
    1.57358492   49.10581185
    1.60098669   49.24320287
    1.62838846   49.38763398
    1.65579022   49.53794823
    1.68319199   49.69326170
    1.71059375   48.67664579
    1.73799552   48.92955278
    1.76539728   49.40671660
    1.79279905   49.93774450
    1.82020081   49.86101931
    1.84760258   48.86122948
    1.87500434   47.93272888
    1.90240611   47.08194725
    1.92980787   46.35762977
    1.95720964   45.84472409
    1.98461140   45.65834170
    2.01367537   45.64860820
    2.04273933   45.62435971
    2.07180329   45.58494092
    2.10086725   45.53163484
    2.12993121   45.46603240
    2.15899517   45.39040966
    2.18805913   45.30775830
    2.21712309   45.21986685
    2.24618705   45.13139292
    2.27525102   45.04442490
    2.30431498   44.96596351
    2.33337894   44.89956883
    2.36244290   44.84779895
    2.39150686   44.81315002
    2.42057082   44.82023287
    2.44963478   43.71702959
    2.47869874   42.60765965
    2.50776270   41.49349690
    2.53682667   40.42844076
    2.56589063   39.79531689
    2.59945080   40.38052465
    2.63301097   41.12746433
    2.66657114   41.57940605
    2.70013131   41.60769022
    2.73369148   41.28013465
    2.76725166   40.74920803
    2.80081183   40.11848893
    2.83437200   39.43976553
    2.86793217   39.04197583
    2.90149234   38.96188156
    2.93505251   38.88803640
    2.96861269   38.81701376
    3.00217286   38.74598449
    3.03573303   38.67102420
    3.06929320   38.58748816
    3.10285337   38.48943399
    3.13641354   38.37007326
    3.16997371   38.22171767
    3.20353389   38.03603877
    3.23709406   37.80431579
    3.27065423   37.51801595
    3.30421440   37.17008245
    3.33777457   36.75171016
    3.37133474   36.26150122
    3.40489492   35.69962566
    3.43845509   35.00899972
    3.47201526   34.05459238
    3.50557543   33.20949659
    3.53913560   32.52039709
    3.57269577   32.16099862
    3.60009754   32.33146344
    3.62749930   32.60746124
    3.65490107   33.06265165
    3.68230283   33.60438763
    3.70970460   34.20298535
    3.73710637   34.84268759
    3.76450813   35.51757554
    3.79190990   36.21359584
    3.81931166   36.93614972
    3.84671343   37.67829388
    3.87411519   38.43987990
    3.90151696   39.21862089
    3.92891872   40.01745958
    3.95632049   40.82629186
    3.98372225   41.66382406
    4.01112402   42.49234867
    4.03852578   43.34497200
    4.06592755   44.20983710
    4.09332931   45.09121251
    4.12073108   45.86579587
    4.14813284   45.78449167
    4.17553461   45.10162737
    4.20293638   44.93201765
    4.23033814   45.89482548
    4.25773991   45.88038336
    4.28514167   45.80747194
    4.31254344   45.74362910
    4.33994520   45.69460239
    4.36734697   45.66391795
    4.39474873   45.65834775
 
    0.00000000   32.16099862
    0.03875195   32.85166384
    0.07750390   33.81915354
    0.11625584   34.85363811
    0.15500779   35.93683880
    0.19375974   37.06274757
    0.23251169   38.22801853
    0.27126364   39.43128795
    0.31001559   40.67131197
    0.34876753   41.94787001
    0.38751948   43.26103521
    0.42627143   43.27315497
    0.46502338   43.80594921
    0.50377533   45.49041225
    0.54252727   47.15394292
    0.58127922   48.93125069
    0.62003117   50.88022683
    0.65878312   52.56433564
    0.69753507   54.78313718
    0.73628701   56.32388407
    0.77503896   57.57973433
    0.81379091   56.12035848
    0.85254286   54.76621534
    0.89129481   53.48804964
    0.93004676   52.29582895
    0.96879870   51.19650149
    1.00755065   50.20669404
    1.04630260   49.35508649
    1.08505455   48.68455008
    1.12380650   48.24626094
    1.16255844   48.13084175
    1.18996021   48.18015106
    1.21736198   48.20167464
    1.24476374   48.27513426
    1.27216551   48.35195018
    1.29956727   48.47782074
    1.32696904   48.61852607
    1.35437080   48.79467821
    1.38177257   48.98900391
    1.40917433   49.21372406
    1.43657610   49.45770465
    1.46397786   49.73136899
    1.49137963   50.02100581
    1.51878139   50.33555666
    1.54618316   50.66519128
    1.57358492   51.01433023
    1.60098669   51.35444033
    1.62838846   51.62109293
    1.65579022   51.19147441
    1.68319199   49.96232630
    1.71059375   49.85216800
    1.73799552   50.01313491
    1.76539728   50.17612614
    1.79279905   50.35326780
    1.82020081   50.37096804
    1.84760258   50.70062139
    1.87500434   50.91032714
    1.90240611   51.09174728
    1.92980787   50.92136227
    1.95720964   50.97330161
    1.98461140   50.98428660
    2.01367537   50.90814146
    2.04273933   50.69576096
    2.07180329   50.53375769
    2.10086725   50.33668888
    2.12993121   49.54388603
    2.15899517   49.12042238
    2.18805913   48.62736835
    2.21712309   48.14443790
    2.24618705   47.73407487
    2.27525102   47.25370883
    2.30431498   46.58141671
    2.33337894   46.32489933
    2.36244290   46.25483730
    2.39150686   45.92978194
    2.42057082   44.86262670
    2.44963478   44.83327361
    2.47869874   45.15250117
    2.50776270   45.02195662
    2.53682667   45.07775090
    2.56589063   45.10044412
    2.59945080   45.08381993
    2.63301097   45.03130811
    2.66657114   45.05551574
    2.70013131   45.29353635
    2.73369148   45.72526921
    2.76725166   46.24517626
    2.80081183   46.79816704
    2.83437200   47.36262434
    2.86793217   47.93320826
    2.90149234   48.50627913
    2.93505251   49.07263566
    2.96861269   49.60175611
    3.00217286   49.97662209
    3.03573303   49.78427937
    3.06929320   48.78362371
    3.10285337   47.47470424
    3.13641354   46.10328756
    3.16997371   44.73121342
    3.20353389   43.37901501
    3.23709406   42.05577857
    3.27065423   40.76685668
    3.30421440   39.51647845
    3.33777457   38.30922673
    3.37133474   37.14990317
    3.40489492   36.04620509
    3.43845509   35.05574964
    3.47201526   34.20853352
    3.50557543   33.21262014
    3.53913560   32.52800060
    3.57269577   32.16099862
    3.60009754   32.59203741
    3.62749930   33.21794688
    3.65490107   33.84262641
    3.68230283   34.52538127
    3.70970460   35.16716202
    3.73710637   35.84351967
    3.76450813   36.54691774
    3.79190990   37.22863178
    3.81931166   37.94057806
    3.84671343   38.65129896
    3.87411519   39.37773486
    3.90151696   40.10756164
    3.92891872   40.85622797
    3.95632049   41.60836212
    3.98372225   42.38795695
    4.01112402   43.15311462
    4.03852578   43.94008238
    4.06592755   44.75684283
    4.09332931   45.55377954
    4.12073108   46.02096442
    4.14813284   46.04560960
    4.17553461   46.07750238
    4.20293638   46.01485447
    4.23033814   45.95351805
    4.25773991   46.87546379
    4.28514167   47.86265869
    4.31254344   48.85348208
    4.33994520   49.80902453
    4.36734697   50.65164368
    4.39474873   50.98632385
