    1  0.10D+01   1
     1   0.0100000000   0.0000000000   0.0000000000
    1 -0.10D+01   1
     1   0.0100000000   0.0000000000   0.0000000000
    1  0.10D+01   2
     1   0.0000000000   0.0100000000   0.0000000000
    1 -0.10D+01   2
     1   0.0000000000   0.0100000000   0.0000000000
    1  0.10D+01   3
     1   0.0000000000   0.0000000000   0.0100000000
    1 -0.10D+01   3
     1   0.0000000000   0.0000000000   0.0100000000
    1  0.10D+01   4
     2   0.0100000000   0.0000000000   0.0000000000
    1 -0.10D+01   4
     2   0.0100000000   0.0000000000   0.0000000000
    1  0.10D+01   5
     2   0.0000000000   0.0100000000   0.0000000000
    1 -0.10D+01   5
     2   0.0000000000   0.0100000000   0.0000000000
    1  0.10D+01   6
     2   0.0000000000   0.0000000000   0.0100000000
    1 -0.10D+01   6
     2   0.0000000000   0.0000000000   0.0100000000
    1  0.10D+01   7
     3   0.0100000000   0.0000000000   0.0000000000
    1 -0.10D+01   7
     3   0.0100000000   0.0000000000   0.0000000000
    1  0.10D+01   8
     3   0.0000000000   0.0100000000   0.0000000000
    1 -0.10D+01   8
     3   0.0000000000   0.0100000000   0.0000000000
    1  0.10D+01   9
     3   0.0000000000   0.0000000000   0.0100000000
    1 -0.10D+01   9
     3   0.0000000000   0.0000000000   0.0100000000
    1  0.10D+01  10
     4   0.0100000000   0.0000000000   0.0000000000
    1 -0.10D+01  10
     4   0.0100000000   0.0000000000   0.0000000000
    1  0.10D+01  11
     4   0.0000000000   0.0100000000   0.0000000000
    1 -0.10D+01  11
     4   0.0000000000   0.0100000000   0.0000000000
    1  0.10D+01  12
     4   0.0000000000   0.0000000000   0.0100000000
    1 -0.10D+01  12
     4   0.0000000000   0.0000000000   0.0100000000
    1  0.10D+01  13
     5   0.0100000000   0.0000000000   0.0000000000
    1 -0.10D+01  13
     5   0.0100000000   0.0000000000   0.0000000000
    1  0.10D+01  14
     5   0.0000000000   0.0100000000   0.0000000000
    1 -0.10D+01  14
     5   0.0000000000   0.0100000000   0.0000000000
    1  0.10D+01  15
     5   0.0000000000   0.0000000000   0.0100000000
    1 -0.10D+01  15
     5   0.0000000000   0.0000000000   0.0100000000
    1  0.10D+01  16
     6   0.0100000000   0.0000000000   0.0000000000
    1 -0.10D+01  16
     6   0.0100000000   0.0000000000   0.0000000000
    1  0.10D+01  17
     6   0.0000000000   0.0100000000   0.0000000000
    1 -0.10D+01  17
     6   0.0000000000   0.0100000000   0.0000000000
    1  0.10D+01  18
     6   0.0000000000   0.0000000000   0.0100000000
    1 -0.10D+01  18
     6   0.0000000000   0.0000000000   0.0100000000
